nfl prediction
[ 175.97297148  152.61853466  144.45062065  207.98663719  203.33302618]
[ 24211.81981973  34855.64422265  33230.28733249  44789.15176861
  31581.41048261]
[ 197.30187707  103.37190137  318.83226925  499.95224484  299.48649081]
[ 274.99344345  223.68790642  132.10359372  105.61175624  136.5973459 ]
[ 326.79008095  416.35698243  211.23890471  178.95995236  199.04104797]
[  1.49794345e+02   2.65573958e+05   1.63964691e+06   1.39051709e+06
   1.03628695e+06]
[ 207.38717089  240.6231115   266.11691824  282.08187747  274.46855488]
[ 101.86192693   83.06054209   87.32215113  108.79687838]
[ 3677.76521834  4434.90187164  2935.84689986  3067.51310509  3427.98731876]
[ 275.38325498  275.51988622  271.99034893  275.36246892  276.98781587]

superbowl prediction
[  3.31779509   3.086289     3.8192003   39.58064338  53.87286085]
[  52199.26204283   63988.02116332   52329.84509436   90861.59298963
  163550.97906457]
[ 75.51620317  11.93745427  70.18437569  33.66638243  12.23450842]
[ 206.156585     25.45203923   55.09139998   74.01355951   56.64033732]
[  51.86156039  116.79367292    5.18487381   16.96774417    8.93977605]
[   13151.33952791   749490.27513921  4642082.1468131   3967817.21159581
  2957552.44034743]
[ 166.71933261  141.08492386  173.56122129  141.1802024   173.12162709]
[ 16.30498378  24.17179358  19.77516316   9.47935348]
[  8074.1866987    9356.51675315   8223.49376687   6998.52348056
  22169.38650939]
[ 136.93237125  165.73594115  137.1147719   140.51639217  146.83665124]
