59,63,113317.0,1,255.4295977,2,36
61,70,96087.0,2,253.2070937,14,35
54,102,103568.0,3,227.4981964,2,34
56,74,91402.0,4,236.6551485,9,36
70,85,140395.0,5,295.5337551,4,47
90,116,227804.0,6,373.056751,15,64
76,100,243440.0,7,319.9699006,23,49
183,225,707847.0,8,796.4969089,26,131
165,248,414222.0,9,701.9615497,44,119
175,245,1193247.0,10,759.5144545,50,107
201,256,1589166.0,11,887.446133,48,133
288,386,1334333.0,12,1215.754148,101,200
220,281,754832.0,13,938.6883117,62,149
221,256,544630.0,14,937.0011899,79,163
273,348,802648.0,15,1139.7948773,49,210
266,326,1236566.0,16,1078.2432457,41,202
89,94,257827.0,17,350.3390467,24,68
110,134,232589.0,18,458.2998053,32,72
87,259,998907.0,19,368.0306336,12,59
136,168,227662.0,20,581.7931402,37,102
133,150,262782.0,21,545.9746244,16,78
100,116,244349.0,22,450.6056196,14,49
80,81,138609.0,23,321.8037173,7,49
39,59,289047.0,0,168.478912,5,31
64,74,706268.0,1,284.2395859,5,35
244,365,3517932.0,2,900.2876403,8,191
109,114,200035.0,3,440.1130671,7,67
114,168,219301.0,4,451.795423,13,82
260,277,426458.0,5,986.5385296,18,228
78,208,312320.0,6,317.2438951,16,62
165,201,362607.0,7,728.8337902,37,120
230,259,490306.0,8,961.0539235,38,146
250,325,492798.0,9,1051.1520257,84,168
191,217,389536.0,10,815.1705158,38,139
158,199,548171.0,11,664.2945742,34,117
216,285,473983.0,12,903.1807632,56,148
303,385,2271324.0,13,1301.7807863,81,182
230,352,646566.0,14,957.4266092,94,138
224,249,367596.0,15,935.7094938,60,139
376,437,579767.0,16,1430.2894432,45,311
130,197,482002.0,17,550.1857436,27,94
187,247,739265.0,18,779.6741754,38,126
171,196,267256.0,19,704.1092249,41,103
123,138,195793.0,20,537.7222375,24,77
90,99,150583.0,21,368.9440858,9,52
62,68,94117.0,22,251.8408092,14,45
59,66,201838.0,23,248.9695224,11,32
37,43,55141.0,0,148.7241649,7,28
50,60,192340.0,1,208.0528864,2,32
12,14,164604.0,2,50.3443916,0,9
21,23,99347.0,3,90.901719,0,15
26,40,62396.0,4,113.690883,6,14
144,148,126759.0,5,589.0636244,18,36
18,34,85924.0,6,85.2789274,9,15
125,150,196758.0,7,525.1095035,59,75
170,253,521649.0,8,755.7798605,63,129
196,246,808519.0,9,839.4948072,62,143
222,254,836683.0,10,951.8170326,70,135
183,258,957345.0,11,803.6904844,53,148
322,395,918396.0,12,1428.6658921,72,201
204,327,602056.0,13,893.6322745,41,151
246,294,686802.0,14,1114.9584942,58,146
212,299,1320297.0,15,915.8614732,55,125
167,196,306598.0,16,705.0639115,43,107
128,161,468727.0,17,547.1651132,29,84
223,244,785672.0,18,960.9541649,35,154
207,232,406957.0,19,868.6079978,38,102
84,107,159051.0,20,367.3671178,26,58
134,153,196617.0,21,552.8985432,52,87
71,83,78127.0,22,292.9655542,6,45
118,131,186319.0,23,512.8238305,8,55
60,69,59394.0,0,240.6675369,9,35
56,62,76832.0,1,229.0479017,8,42
47,58,79162.0,2,192.5864782,8,34
52,73,127819.0,3,221.3058473,10,38
76,210,170961.0,4,319.2050933,6,56
154,174,1034725.0,5,658.8185644,10,54
51,74,204684.0,6,220.3571803,21,38
87,177,116347.0,7,379.6455257,12,60
133,175,659166.0,8,597.0625518,33,103
161,203,671726.0,9,704.1637053,40,113
150,204,434703.0,10,653.853384,33,104
134,164,451749.0,11,592.801592,12,89
189,239,448337.0,12,808.3297875,33,135
270,309,710227.0,13,1171.2145253,42,169
217,275,433069.0,14,961.8690108,34,156
181,291,1054613.0,15,811.4486952,40,124
169,213,397982.0,16,725.5891293,67,109
163,248,434892.0,17,707.8590291,51,123
216,279,1352703.0,18,993.5835255,57,137
180,236,260161.0,19,775.6465619,34,98
154,226,538528.0,20,667.7513903,35,101
146,700,10035133.0,21,626.0211131,58,109
121,152,252980.0,22,522.319218,27,83
153,221,416555.0,23,622.7060158,65,82
104,145,141073.0,0,443.081155,24,68
103,108,124535.0,1,436.9919721,16,58
133,162,208861.0,2,539.8790819,58,73
9,13,8704.0,3,35.2702461,1,8
9,12,10609.0,4,37.1684952,1,7
181,507,3092625.0,5,777.5498691,47,105
248,336,406629.0,6,1034.6858981,34,199
414,588,2094647.0,7,1747.9838913,131,295
404,501,660100.0,8,1746.720246,148,321
658,857,1857254.0,9,2896.1658732,190,508
576,939,2169521.0,10,2593.3682722,145,482
613,1339,7731382.0,11,2737.0189416,192,531
1918,2827,5561622.0,12,8684.5732042,425,1666
1878,2707,4745920.0,13,8619.9637797,392,1337
1574,2571,4230990.0,14,7174.9320261,352,1255
2311,3125,6325950.0,15,10683.5961651,373,1818
5030,8801,19042329.0,16,23029.5515238,1018,4179
1427,1855,9809299.0,17,6260.800973,226,945
1781,2777,5550360.0,18,8076.1583888,296,1261
2082,3258,6661345.0,19,9434.9837635,525,1671
669,1149,1909241.0,20,3021.1289954,192,542
437,590,1239033.0,21,1926.2447823,88,307
331,512,754538.0,22,1527.6245262,64,241
291,411,370339.0,23,1268.9952668,79,206
236,316,464878.0,0,1049.7169828,46,171
156,210,591325.0,1,652.9191593,27,117
148,219,766815.0,2,645.4809416,22,124
156,199,287398.0,3,690.6321585,40,114
195,255,437293.0,4,846.7114306,45,166
222,308,580246.0,5,992.2116268,50,175
195,290,1372920.0,6,923.4828764,44,163
471,888,971542.0,7,1987.9610223,80,388
414,683,4919610.0,8,1882.1280087,144,323
382,897,1269446.0,9,1736.2137677,86,308
344,561,1332365.0,10,1567.4616463,71,282
331,419,641016.0,11,1422.9437116,109,249
266,508,990534.0,12,1174.8762223,79,212
377,736,10749242.0,13,1692.905647,75,242
269,339,710039.0,14,1170.2264095,66,193
218,301,808138.0,15,966.5613541,57,165
253,445,1290142.0,16,1110.8838874,67,201
117,149,238544.0,17,508.4583869,26,87
335,390,838699.0,18,1389.455186,38,253
200,280,1018153.0,19,853.6088134,42,122
169,213,197875.0,20,711.8572507,33,111
135,157,211908.0,21,585.9304582,18,83
134,147,202291.0,22,585.3266498,12,84
112,127,233193.0,23,492.4721565,15,64
103,121,1391220.0,0,443.4658396,7,42
98,111,179820.0,1,407.3261637,10,71
107,117,184874.0,2,446.4197994,15,63
87,110,169847.0,3,354.8154634,8,46
85,110,206545.0,4,374.4520684,15,65
108,132,266031.0,5,467.8009175,29,83
72,91,165053.0,6,334.5861995,18,65
131,190,543324.0,7,587.1931021,30,100
185,212,1641687.0,8,812.9616365,40,140
201,638,2508793.0,9,876.830156,67,141
200,257,425115.0,10,868.5997983,49,143
156,187,173677.0,11,677.1518272,26,111
102,133,403726.0,12,455.7143699,23,81
6,13,39830.0,13,28.3997965,2,5
46,61,100466.0,14,193.1637273,21,43
207,230,285663.0,15,898.9862616,24,157
203,214,271895.0,16,860.1954968,41,129
175,191,306646.0,17,764.8574208,49,104
183,682,351237.0,18,808.6403854,47,109
169,198,440125.0,19,713.681015,22,108
275,542,890981.0,20,1227.6633911,71,218
791,5252,1753591.0,21,3510.2004801,155,658
374,485,734055.0,22,1617.185943,92,275
196,229,310266.0,23,842.6338302,35,148
160,268,482796.0,0,683.5321982,21,95
78,96,197550.0,1,340.7576255,5,54
105,137,1034709.0,2,452.6769708,23,73
91,107,153420.0,3,383.6107626,15,73
258,402,377265.0,4,1114.9241119,58,185
203,286,359964.0,5,905.898172,40,180
151,329,1004237.0,6,657.1418689,52,135
190,248,552032.0,7,853.3403884,47,173
228,387,755676.0,8,1027.1278517,60,207
192,233,498755.0,9,858.9610314,32,165
182,350,1017755.0,10,811.8806468,43,159
169,257,404548.0,11,753.7051548,50,140
189,708,1015176.0,12,855.0321343,66,165
165,254,776127.0,13,695.2546994,43,141
196,265,493769.0,14,874.1035017,54,155
165,216,599831.0,15,742.3032879,23,139
272,393,348415.0,16,1195.7184804,84,199
243,415,362132.0,17,1091.2800714,67,167
310,410,547699.0,18,1364.0938265,68,225
194,310,671875.0,19,841.4797896,44,147
260,325,379168.0,20,1104.8428791,75,163
307,362,711724.0,21,1223.3538389,42,194
308,330,627619.0,22,1278.0714606,36,192
106,116,500260.0,23,439.6634406,18,65
163,171,138434.0,0,654.8311061,8,74
71,91,169480.0,1,298.80423,8,40
59,76,83596.0,2,259.3913256,7,41
104,112,103781.0,3,431.4100528,3,58
109,118,85821.0,4,468.3862119,25,66
70,111,83032.0,5,295.9873155,23,57
85,105,381634.0,6,366.0730341,28,75
208,384,5812212.0,7,974.8160247,48,182
249,339,593391.0,8,1156.4657902,81,197
335,404,906527.0,9,1478.1735686,99,221
353,402,1095394.0,10,1559.357587,108,236
221,316,1589995.0,11,1028.5675115,66,170
146,191,410095.0,12,639.5051134,37,125
68,78,80207.0,13,296.693935,18,64
16,65,245209.0,14,82.5207304,4,15
14,57,203537.0,15,71.9559969,8,13
12,38,66087.0,16,56.850372,8,9
487,663,930942.0,17,2050.3375155,54,379
568,660,508106.0,18,2362.0911488,67,372
254,355,431339.0,19,1090.8109241,43,193
259,373,395575.0,20,1128.7994356,45,175
211,243,288648.0,21,908.5691502,39,132
206,284,477762.0,22,992.3237673,29,118
136,173,508061.0,23,622.77069,14,78
99,109,146453.0,0,409.054308,18,54
116,121,161196.0,1,497.7401606,7,82
86,108,178735.0,2,375.3377356,15,62
91,114,231315.0,3,397.4468377,19,62
120,162,444833.0,4,537.3160396,19,90
134,154,435223.0,5,596.9969347,18,105
241,294,573596.0,6,1040.7538688,69,175
218,269,950317.0,7,944.7370208,41,168
591,669,492342.0,8,2434.8744634,71,378
644,777,1429879.0,9,2675.9490049,73,456
227,352,519659.0,10,1075.8287095,44,158
537,741,1787437.0,11,2458.7352996,81,325
432,579,2095726.0,12,1945.9457601,87,275
611,731,1187466.0,13,2502.0074076,107,470
359,1323,1563337.0,14,1634.701801,60,232
256,451,5931372.0,15,1197.9571908,58,196
186,431,730353.0,16,849.9495774,34,148
239,304,1120682.0,17,1074.921614,55,166
197,242,551313.0,18,883.175766,44,140
235,292,2120489.0,19,1020.1059122,26,166
167,196,405596.0,20,735.5652549,31,119
145,186,373541.0,21,621.5710521,22,94
141,232,197793.0,22,631.7199286,19,93
116,123,177312.0,23,504.657337,7,54
140,155,174208.0,0,582.3768655,14,65
100,123,163304.0,1,418.852189,8,60
99,114,226645.0,2,432.4708901,8,54
106,119,145777.0,3,443.8944711,8,60
127,157,267571.0,4,543.3387286,4,88
60,73,123025.0,5,264.6635539,1,45
142,205,334464.0,6,612.2049383,38,98
395,455,561923.0,7,1615.2175967,30,329
157,190,349184.0,8,675.683908,40,127
209,394,4799800.0,9,931.1559132,51,150
205,228,1244427.0,10,900.7808187,51,136
251,414,649224.0,11,1103.5729417,58,172
423,635,577036.0,12,1943.4068009,113,308
562,1289,6306828.0,13,2602.0387675,130,437
359,608,1318347.0,14,1639.1096358,68,223
238,298,763196.0,15,1053.705045,56,165
190,255,470899.0,16,863.2204688,35,136
202,380,5793571.0,17,874.4903959,30,139
177,230,357712.0,18,783.0999853,28,128
197,282,393950.0,19,855.3956283,35,119
142,184,229784.0,20,598.8195893,14,80
146,192,215973.0,21,636.6543743,9,107
166,184,314002.0,22,724.1129592,16,101
112,124,180844.0,23,480.715092,15,59
106,114,185670.0,0,484.3136599,4,50
76,90,387923.0,1,338.0811727,12,50
80,91,110717.0,2,350.8701478,3,47
91,101,91130.0,3,390.8070317,9,46
80,88,145391.0,4,364.6207098,4,53
84,115,288123.0,5,359.9393075,5,50
113,129,257673.0,6,515.7218513,13,69
175,252,406138.0,7,783.0283291,39,128
266,323,636869.0,8,1142.2694879,46,165
262,336,797894.0,9,1174.4865737,35,191
197,235,380305.0,10,896.4026906,41,146
273,448,630253.0,11,1225.4879987,41,161
299,433,387684.0,12,1323.2465534,114,169
276,468,689109.0,13,1264.8055036,90,209
269,426,2326378.0,14,1213.4902217,62,176
241,294,925423.0,15,1091.8042339,42,171
251,366,3619115.0,16,1140.2702657,68,187
303,367,904138.0,17,1323.3580063,90,187
295,338,672254.0,18,1303.1087833,48,203
291,352,520436.0,19,1283.80226,42,207
230,282,778000.0,20,990.9610327,47,167
261,593,678820.0,21,1137.8467182,46,189
208,243,312588.0,22,958.8246173,22,117
140,141,409819.0,23,613.6036388,8,71
167,183,174322.0,0,709.4301679,8,83
135,152,317611.0,1,569.7895653,3,79
171,200,292828.0,2,774.620743,5,60
119,134,399733.0,3,520.1591284,18,56
138,150,439442.0,4,602.4917563,33,80
108,135,232842.0,5,487.578765,11,67
158,185,555388.0,6,719.1195152,17,88
223,293,498465.0,7,977.5239218,59,158
260,323,1473648.0,8,1148.3049248,53,176
264,323,573880.0,9,1216.7336165,56,169
263,335,697508.0,10,1228.3158729,43,170
253,303,578244.0,11,1153.0765615,46,153
333,483,882631.0,12,1466.3900729,79,203
66,151,340370.0,13,307.0275877,25,59
465,628,1872596.0,14,2076.8369861,85,290
402,1110,1282268.0,15,1796.9817437,76,250
239,299,3532316.0,16,1070.9788236,47,163
404,658,2554579.0,17,1803.3682813,62,277
526,960,1962311.0,18,2414.1230324,79,302
415,647,924082.0,19,1831.4604982,70,256
281,342,838917.0,20,1211.8506807,50,162
249,315,357163.0,21,1119.7009316,32,147
199,244,597566.0,22,877.3318846,27,101
130,143,403689.0,23,553.3697902,13,67
156,184,372792.0,0,692.8952159,18,80
117,160,299875.0,1,511.9300652,12,50
133,156,214399.0,2,599.9830485,12,64
118,128,194709.0,3,525.8567029,17,66
148,167,227124.0,4,661.3636723,22,100
136,194,357992.0,5,673.1448997,35,87
186,225,386477.0,6,889.1515442,46,110
282,387,1389252.0,7,1271.6146921,133,163
304,402,1390812.0,8,1385.2473101,98,226
262,2347,1297038.0,9,1180.0773369,83,183
361,473,1221528.0,10,1644.6946456,98,225
316,426,1698661.0,11,1464.2577322,84,227
439,628,991021.0,12,1989.9495706,115,326
362,600,1287071.0,13,1575.0503307,94,280
334,434,1076150.0,14,1529.8471669,83,225
327,446,757510.0,15,1468.0610393,64,216
259,2386,1290304.0,16,1163.7280919,65,161
232,375,462949.0,17,1046.9816811,62,145
256,747,10089251.0,18,1253.439015,54,148
236,290,460705.0,19,1045.5742612,40,157
209,262,442448.0,20,900.4847176,38,122
196,226,312763.0,21,856.7642093,20,109
205,236,339039.0,22,935.919133,41,122
174,185,249099.0,23,743.305549,6,110
153,175,541269.0,0,685.9094111,12,81
95,102,162557.0,1,381.1583068,11,52
74,79,97681.0,2,315.0232569,11,43
94,104,179287.0,3,399.4415116,11,63
111,178,251086.0,4,502.0592699,28,71
143,208,249928.0,5,627.4964545,19,95
23,27,60959.0,6,101.7221628,6,21
162,202,236879.0,7,695.1806698,35,124
207,521,2557787.0,8,931.4805796,61,163
257,355,746410.0,9,1175.5528233,76,191
344,473,1043050.0,10,1617.8714928,97,232
299,390,876857.0,11,1307.152972,73,193
258,362,840868.0,12,1141.8242339,92,193
271,442,5239760.0,13,1208.1943713,68,180
244,1342,10688312.0,14,1144.0617461,88,170
405,544,624404.0,15,1729.4676223,92,210
271,308,583068.0,16,1210.7561448,50,165
369,603,4411883.0,17,1618.2194986,125,198
292,412,832758.0,18,1342.1390215,58,158
227,262,1375909.0,19,992.748705,27,134
160,202,546799.0,20,703.0610757,48,107
6,6,9720.0,21,27.1317909,1,5
4,8,4024.0,23,22.1197821,4,3
2,2,3650.0,23,7.6977714,0,1
57,61,98502.0,0,247.3546156,5,39
539,607,2679768.0,1,2299.6365387,56,235
348,393,1224202.0,2,1587.3198728,74,157
311,410,2487076.0,3,1426.8507997,69,159
342,414,1687849.0,4,1546.1962037,79,195
367,430,1718488.0,5,1677.3978858,97,235
507,685,1986338.0,6,2350.6875282,130,328
763,928,2877932.0,7,3469.3410161,205,455
880,1116,2857000.0,8,4000.2861165,249,571
950,1248,5923879.0,9,4332.1390122,246,528
964,1451,4662168.0,10,4496.7680435,209,593
1060,1511,3870771.0,11,4822.5558502,237,509
658,926,6068608.0,12,2990.2218518,141,423
590,820,4414441.0,13,2704.6675878,146,409
598,774,2963289.0,14,2730.4742289,182,397
604,1039,3020133.0,15,2802.8785714,189,396
613,1149,3817892.0,16,2781.9710952,150,399
1005,1304,13399546.0,17,4599.1500757,218,538
617,1224,13982313.0,18,2922.1834729,150,376
510,748,4347829.0,19,2253.3143523,154,334
955,1174,3075300.0,20,4301.5543916,200,448
59,77,158227.0,21,251.2720891,20,52
346,822,3110091.0,22,1575.2754201,87,206
554,607,1042194.0,23,2416.5807818,76,237
458,511,1365404.0,0,1980.8152016,53,216
451,516,4925347.0,1,1926.9379875,47,197
358,386,996547.0,2,1559.2392369,30,143
308,349,1454964.0,3,1347.432604,42,149
486,636,4520370.0,4,2179.9719141,88,310
155,262,296569.0,5,729.7987713,58,113
75,223,1827773.0,6,332.6232049,41,67
443,639,6005356.0,7,2041.6645291,178,329
914,1216,4422200.0,8,4135.7288127,325,553
949,1299,5910186.0,9,4423.0439189,256,527
614,990,3128984.0,10,2833.7030005,190,419
1955,3149,9003911.0,11,9303.3829231,598,1177
1807,2279,7386449.0,12,8175.4319297,485,903
1339,2037,7014272.0,13,6156.5026797,333,774
1017,1353,5177712.0,14,4743.7702086,313,605
733,988,6614239.0,15,3325.9126159,271,470
678,822,3936018.0,16,3054.1972272,216,426
74,85,719319.0,17,346.2334329,26,68
140,204,1288958.0,18,647.4643117,47,117
262,378,5434722.0,19,1177.2894617,49,196
137,179,2849764.0,20,612.3875384,40,113
171,187,950660.0,21,758.4920535,41,132
141,158,4256273.0,22,633.8213418,32,114
126,144,312389.0,23,552.0748531,19,87
103,108,249386.0,0,434.2731447,6,61
50,53,115951.0,1,214.5371539,9,35
103,111,777188.0,2,472.694732,10,63
82,89,160129.0,3,369.7297439,11,62
83,85,125403.0,4,355.1814393,12,62
114,144,564159.0,5,519.2983035,24,85
119,208,1024247.0,6,550.1454675,34,94
179,256,960659.0,7,813.2542955,64,142
198,320,2328354.0,8,919.7605337,57,172
185,663,4572214.0,9,817.6839912,57,155
254,327,1424555.0,10,1160.0384459,76,193
223,352,7360902.0,11,997.9836953,70,169
230,469,1767091.0,12,1061.0901262,61,175
277,366,1735425.0,13,1237.5551827,108,215
285,623,5242054.0,14,1313.8618637,85,209
253,502,1780598.0,15,1160.2044451,85,182
392,622,6059601.0,16,1788.5585806,111,273
1208,2584,5738105.0,17,5500.7973083,354,704
2022,3625,10662095.0,18,9320.3135978,531,989
1890,3730,11899063.0,19,8646.1699764,563,1060
613,1281,6957872.0,20,2857.0925873,239,459
979,1480,6290029.0,21,4389.793291,223,559
989,1222,4797375.0,22,4534.7689447,175,469
676,907,4193782.0,23,3024.7899262,72,362
518,1195,1546877.0,0,2251.0585168,75,260
520,988,1865292.0,1,2295.2047061,58,315
446,744,1255156.0,2,1971.8409612,78,267
587,766,5273028.0,3,2537.3572119,88,309
514,917,6403800.0,4,2254.2310276,142,346
704,1728,9984802.0,5,3153.3980107,206,498
929,1957,9778675.0,6,4270.3613758,257,650
1350,2272,9025310.0,7,6101.6319527,414,984
1647,2349,10704424.0,8,7427.6607153,539,1198
450,1114,6542811.0,9,2110.5992884,209,401
1706,3053,9919844.0,10,7635.2517743,488,1364
846,1588,3793815.0,11,3717.7203431,288,731
1027,2820,4835570.0,12,4594.6725449,399,844
1177,3020,9074230.0,13,5171.5067714,439,947
1305,3213,6875955.0,14,5783.8569661,466,1103
4778,8178,20968910.0,15,21313.4814473,1361,3975
8886,13209,51606430.0,16,39770.6464412,2102,6474
8569,13897,39586929.0,17,38256.3618334,2088,5774
7163,10803,33976812.0,18,32402.0961125,1936,5225
11420,17994,46713177.0,19,51899.4265029,2256,8326
4284,7479,15891019.0,20,19155.1643469,1119,3583
508,866,3128509.0,21,2343.3781119,128,416
403,525,1449209.0,22,1910.7629244,101,262
392,463,628170.0,23,1785.9495645,71,231
234,410,607708.0,0,1114.1846287,26,140
187,224,3336628.0,1,883.5162973,27,103
223,292,2011707.0,2,1163.1665348,32,109
179,206,376863.0,3,811.8185014,25,109
210,1067,3150893.0,4,983.6999241,39,135
196,297,549784.0,5,901.4842618,52,132
254,345,3070773.0,6,1210.181772,56,183
303,422,1489216.0,7,1418.2241127,85,212
214,688,1432657.0,8,967.5252976,44,171
264,338,378317.0,9,1224.910331,63,176
372,470,2513740.0,10,1821.8238211,74,197
569,734,1615878.0,11,2547.0290526,139,411
1320,2051,5777929.0,12,5892.0035246,341,790
1500,2390,5760419.0,13,6731.2736817,346,956
1210,1753,8610316.0,14,5588.8138387,301,765
1513,2306,13226597.0,15,6737.6258035,328,815
1233,1567,11802686.0,16,5505.1866072,278,714
1074,3543,4876451.0,17,4818.5834396,253,635
941,1290,3327141.0,18,4159.4216855,252,516
961,1157,2501241.0,19,4187.971063,186,514
801,1174,7150194.0,20,3561.1498273,172,413
699,865,1858631.0,21,3092.5739181,132,360
726,1112,1873609.0,22,3225.1781756,121,356
546,657,3029262.0,23,2377.3130285,50,262
450,488,3416793.0,0,1970.0290027,46,199
388,419,2673523.0,1,1674.8821035,42,178
414,471,4258898.0,2,1816.7678299,55,200
402,459,1034846.0,3,1749.259379,53,203
419,604,1817108.0,4,1887.3245001,60,208
535,809,4080691.0,5,2381.2833991,136,308
662,911,4360355.0,6,2984.4503658,108,360
766,923,5179867.0,7,3381.560359,143,465
865,1203,5855026.0,8,3846.3003508,185,421
998,1261,6387443.0,9,4483.4366231,200,496
1086,1467,6332171.0,10,5063.2512537,230,485
1019,1275,3691691.0,11,4592.8089583,191,470
1046,1364,9280119.0,12,4711.3013317,245,499
984,1316,3325593.0,13,4351.9720608,196,459
936,1486,3103581.0,14,4255.548325,149,425
661,1025,2908517.0,15,2990.4920595,128,412
1020,1371,3491774.0,16,4549.6925073,202,509
701,915,4840236.0,17,3128.4359046,131,395
663,816,1709311.0,18,2975.3374351,118,368
427,520,1116090.0,19,1864.2257908,78,267
254,294,488928.0,20,1089.158855,52,166
480,645,1255293.0,21,2105.7193375,78,247
489,552,1002347.0,22,2185.1308931,72,246
291,338,937211.0,23,1278.4310767,29,149
321,357,2363703.0,0,1349.4630387,27,151
266,285,475145.0,1,1150.9767792,11,124
228,246,558771.0,2,996.3096802,17,95
262,313,789705.0,3,1136.3507713,54,124
264,309,877422.0,4,1169.2190103,34,149
394,443,1066304.0,5,1715.723685,68,211
432,472,1417851.0,6,1897.8694309,60,247
534,636,1786199.0,7,2377.3356212,80,285
776,945,1895376.0,8,3544.8013112,127,371
760,1079,3694268.0,9,3470.7607266,135,436
1009,1185,3306401.0,10,4672.0993719,188,453
693,908,2421180.0,11,3100.7814397,159,425
776,1234,3129429.0,12,3493.7116067,235,437
555,1620,5349506.0,13,2509.8575009,107,320
777,1072,2490827.0,14,3559.3332116,192,382
611,889,2966258.0,15,2708.2355662,165,339
796,1030,2196897.0,16,3466.3556321,203,469
479,608,1749059.0,17,2114.5810638,105,278
606,688,1872251.0,18,2714.6371735,130,329
496,666,1876857.0,19,2176.4605837,90,272
501,686,1187685.0,20,2210.218507,176,243
506,584,925711.0,21,2221.2183551,57,270
444,502,988445.0,22,2023.1281641,45,224
402,440,1289759.0,23,1734.7130345,49,189
302,369,3980249.0,0,1302.1219249,29,141
247,280,858069.0,1,1086.3949828,18,104
246,262,678329.0,2,1085.7817903,8,115
215,232,378964.0,3,928.4704488,15,111
247,291,783294.0,4,1096.5293433,46,139
412,459,3546027.0,5,1818.7354445,48,203
378,491,1050561.0,6,1714.3209098,61,221
566,660,1185651.0,7,2489.1488092,93,278
529,667,2258647.0,8,2380.0496473,115,296
661,820,1594025.0,9,2977.4391428,112,352
591,797,2196018.0,10,2760.4981765,106,331
638,889,2215947.0,11,2781.6569405,146,363
759,1221,2845057.0,12,3266.7793218,101,344
703,868,2297121.0,13,3128.0982786,115,347
672,782,1770434.0,14,3051.3068748,134,338
598,733,1639882.0,15,2652.8620171,112,342
609,738,2544765.0,16,2731.2070742,132,326
610,1197,1561354.0,17,2672.6237556,94,328
556,671,2477809.0,18,2469.9943165,72,272
581,671,1385633.0,19,2527.8314134,87,277
257,302,746558.0,20,1121.1598182,65,153
484,679,839630.0,21,2104.9198393,37,213
457,527,1181167.0,22,2069.3608259,36,194
174,196,383831.0,23,744.7937878,25,116
266,293,1321379.0,0,1122.6031179,20,125
286,303,569842.0,1,1209.3184338,25,115
243,266,645806.0,2,1088.9855155,15,99
309,336,592472.0,3,1347.9540744,35,120
304,338,864855.0,4,1327.4485653,28,139
411,463,1101019.0,5,1782.8733318,50,198
204,263,791887.0,6,878.9029648,14,125
702,818,3122433.0,7,3053.6604127,80,322
753,1028,1958015.0,8,3388.6242248,171,345
756,973,3449764.0,9,3491.4026505,187,392
803,1050,2818557.0,10,3811.0717253,168,379
1024,1319,2943798.0,11,4505.9567869,148,387
1209,1689,3725557.0,12,5346.0473129,148,483
962,1392,5781273.0,13,4274.7756891,200,447
743,1029,2611752.0,14,3358.1858375,161,394
881,1207,5817827.0,15,3977.8584591,144,421
709,897,2754355.0,16,3135.3839264,125,351
619,712,1982356.0,17,2730.9871455,84,302
659,869,2822660.0,18,2964.037571,111,312
628,1095,2040133.0,19,2676.5388478,99,324
637,737,1625270.0,20,2685.7773295,74,247
704,778,944259.0,21,2903.9674127,36,236
468,503,985652.0,22,1989.390121,45,209
335,367,758824.0,23,1433.5392951,20,164
