2,4,706.0,0,7.6201153,7,1
8,9,3181.0,1,33.1491731,10,6
7,10,13031.0,2,29.1984786,7,5
10,32,1405611.0,3,53.1705541,5,9
12,14,26140.0,4,56.0648093,6,11
13,17,28240.0,5,58.9918907,8,12
10,15,39721.0,6,47.8215355,9,9
19,24,29059.0,7,82.3795678,10,18
29,45,224739.0,8,152.7058145,21,27
59,113,803125.0,9,274.4332251,33,52
56,83,169520.0,10,255.7842503,36,41
69,94,607418.0,11,318.0503441,43,53
56,82,266678.0,12,262.2110159,36,49
54,71,178033.0,13,246.142553,43,50
63,88,250050.0,14,295.4293266,54,54
56,115,260018.0,15,261.3692399,38,51
34,50,77429.0,16,152.7217595,29,31
25,46,84394.0,17,118.6805204,15,24
24,37,556673.0,18,117.2763466,18,22
19,47,657680.0,19,105.1382588,5,16
35,45,69533.0,20,165.3846603,30,30
32,50,645764.0,21,144.0746925,23,31
20,26,37774.0,22,89.2033047,16,19
16,22,10036.0,23,71.4355246,14,15
14,16,10989.0,0,56.2526882,8,12
11,13,8339.0,1,43.1979831,6,9
16,23,229951.0,2,77.1712321,10,15
8,9,4031.0,3,38.0305899,5,7
13,24,33134.0,4,63.788238,12,12
24,39,300422.0,5,119.0979549,13,23
16,23,45848.0,6,69.8888153,18,15
30,46,436418.0,7,145.4387249,18,29
44,68,67642.0,8,200.5536531,24,43
59,92,359162.0,9,269.9480242,35,56
69,124,4695958.0,10,316.5743635,55,67
38,44,81493.0,11,164.9051121,20,37
45,108,127737.0,12,212.9655379,31,42
64,105,698509.0,13,289.3619945,43,56
57,96,261948.0,14,253.0944378,33,48
64,90,227912.0,15,295.8284538,29,53
56,145,1140790.0,16,246.925127,32,42
31,48,107228.0,17,134.6759668,18,25
34,59,74905.0,18,156.4595414,21,33
27,30,21954.0,19,127.7415808,13,25
22,349,1806020.0,20,111.4516984,7,21
22,33,140542.0,21,96.6103894,18,20
24,29,9541.0,22,102.9222615,23,17
35,40,254584.0,23,148.0277729,45,19
9,12,12920.0,0,37.5240723,9,7
14,16,8898.0,1,58.8050646,8,12
2,2,658.0,2,11.278283,2,1
1,1,126.0,3,4.0689597,0,0
5,8,74851.0,4,27.7800089,5,4
13,17,63720.0,5,66.0658521,7,12
23,37,120638.0,6,112.6720792,24,21
27,62,203950.0,7,149.0748476,25,26
78,141,830388.0,8,373.2378066,81,73
87,841,1614686.0,9,435.465609,60,80
91,284,787868.0,10,450.4909761,77,84
82,159,1120717.0,11,398.2383981,68,74
86,163,1215992.0,12,402.7968588,53,77
114,236,794920.0,13,521.2288209,68,93
112,185,4860367.0,14,513.1373915,67,89
71,125,454525.0,15,323.900577,54,63
64,107,627349.0,16,292.9983286,29,61
48,60,461595.0,17,232.3208891,25,46
60,110,1195464.0,18,283.194563,35,54
38,64,507517.0,19,176.2454696,27,34
41,84,52956.0,20,181.1043099,28,40
39,51,63217.0,21,170.2199103,20,35
28,214,985558.0,22,126.0197944,24,26
23,28,91396.0,23,98.8592409,9,21
21,26,79822.0,0,89.9891347,16,18
7,8,4592.0,1,32.653482,2,6
6,8,7428.0,2,26.8252025,8,5
6,6,4038.0,3,23.9784246,8,5
9,12,25392.0,4,39.2241162,6,8
10,12,8159.0,5,40.091575,10,9
12,18,80690.0,6,55.8721062,7,11
25,50,245388.0,7,116.7682083,15,22
28,52,231530.0,8,129.7289584,25,26
50,80,408737.0,9,242.5302618,38,47
46,77,522184.0,10,214.0704416,27,41
47,80,131308.0,11,223.7787605,38,42
65,176,402864.0,12,294.9261582,38,61
57,77,88161.0,13,256.6161211,40,54
53,87,626591.0,14,249.6268411,35,52
46,118,143780.0,15,204.8733257,16,45
53,92,68021.0,16,238.7377089,25,50
25,36,50436.0,17,116.6618221,17,24
51,72,354735.0,18,224.2681098,36,45
62,98,152220.0,19,272.2581804,48,55
33,41,368799.0,20,147.663038,26,30
49,59,155356.0,21,224.9865251,26,46
49,70,271644.0,22,229.6445896,29,44
42,46,117181.0,23,184.4622252,23,40
21,26,31452.0,0,95.1610898,7,17
25,34,33684.0,1,110.2266889,8,24
65,79,222864.0,2,269.4751601,104,23
6,10,31305.0,3,23.5840648,5,5
4,5,1361.0,4,17.2201645,1,3
21,26,39813.0,5,91.8028562,16,19
38,57,313571.0,6,174.336701,26,37
96,159,612538.0,7,421.32429,59,89
132,194,372349.0,8,577.4199845,83,122
209,383,1083665.0,9,923.3783757,120,203
237,348,1481855.0,10,1071.9374448,119,228
197,309,504329.0,11,873.232296,108,192
570,842,1695954.0,12,2529.6259064,275,555
672,917,1381013.0,13,2978.8480299,303,643
477,713,918218.0,14,2105.6814777,200,454
647,905,1054633.0,15,2864.8888836,308,619
10442,25565,23579496.0,16,46964.1310802,4101,9474
2655,3994,7042242.0,17,11727.0274406,1479,2481
1221,1893,3500863.0,18,5350.6456602,691,1116
5794,10399,14442704.0,19,25899.5762454,2414,5236
7778,14889,22475330.0,20,34850.5284404,3257,7074
1621,3598,6727182.0,21,7020.1785387,827,1470
900,1396,1611875.0,22,3983.242638,429,843
565,1002,1261401.0,23,2453.4954402,273,528
434,659,1140461.0,0,1883.1284733,196,402
343,450,2262887.0,1,1472.7388602,158,296
282,472,2657483.0,2,1218.6693809,102,240
316,657,2353593.0,3,1401.8872746,155,259
244,373,1090524.0,4,1077.8709152,126,217
940,1181,3395103.0,5,3805.2103243,145,271
521,661,1798854.0,6,2144.8611594,124,245
490,1066,8620633.0,7,2143.2785524,233,390
548,1056,4689123.0,8,2460.7727158,339,516
416,996,4743997.0,9,1921.3821375,201,384
430,784,3275218.0,10,1888.4808363,217,399
248,467,2308790.0,11,1101.6939998,147,235
436,775,3139793.0,12,1952.8440953,202,405
398,1273,1932519.0,13,1787.4375848,217,367
329,655,1739565.0,14,1472.5422062,203,306
295,903,2237038.0,15,1343.6477645,153,273
328,648,4814638.0,16,1450.7920505,187,306
918,1389,1103565.0,17,3889.6575212,109,895
716,998,1238081.0,18,3042.9885096,162,687
7806,8026,4283211.0,19,33389.1539042,137,7424
788,955,1305755.0,20,3400.8959524,109,768
139,292,1171293.0,21,614.4474428,65,126
142,405,1228574.0,22,613.8394981,69,121
90,111,390757.0,23,382.8515566,49,78
84,186,172973.0,0,371.2337585,53,71
42,66,1885034.0,1,179.9784374,21,35
47,220,518590.0,2,204.2167712,19,38
54,180,129671.0,3,226.3984698,33,40
51,132,260073.0,4,221.9351235,34,45
87,548,499773.0,5,370.0512185,36,67
70,170,298396.0,6,324.6455069,26,61
101,176,1793946.0,7,459.328926,44,95
174,430,1999741.0,8,786.5338952,88,165
234,409,567376.0,9,1060.8614097,103,221
241,478,2658972.0,10,1119.5955669,139,228
155,271,426115.0,11,686.0843301,99,151
223,408,923355.0,12,1020.6530864,131,206
30,560,227410.0,13,147.4344501,22,28
30,74,319000.0,14,143.1190879,16,29
186,681,3328071.0,15,844.1891841,101,172
230,339,433447.0,16,1019.4186074,147,202
129,318,504784.0,17,600.7250033,80,124
193,446,405964.0,18,847.2165803,98,178
168,305,330537.0,19,734.6060409,100,158
131,180,800352.0,20,580.5318443,89,125
354,4702,2408153.0,21,1594.0894643,181,326
257,504,733585.0,22,1145.9347148,119,236
162,304,366260.0,23,703.578901,83,144
101,245,253579.0,0,442.2657119,66,86
69,219,252167.0,1,305.9514168,33,55
46,66,61702.0,2,200.6348674,30,42
52,149,95824.0,3,231.8346009,25,50
71,220,1937375.0,4,323.4624494,47,68
147,435,763100.0,5,672.381709,93,133
115,185,404993.0,6,521.1080646,63,111
130,324,1583278.0,7,591.2219037,79,118
176,271,356941.0,8,768.1526553,102,168
186,309,2336899.0,9,837.363943,122,178
185,311,1472702.0,10,846.5713451,125,173
282,679,3945824.0,11,1286.515212,198,226
227,395,1287360.0,12,1019.583727,136,195
217,463,981924.0,13,949.1539405,147,201
218,544,3529309.0,14,993.5091113,140,202
174,591,5796513.0,15,808.0998976,117,165
273,469,825124.0,16,1203.8068779,203,246
235,424,969781.0,17,1060.9999082,179,212
260,763,2586060.0,18,1212.024877,150,245
221,394,5488227.0,19,948.7521271,163,183
214,487,8865692.0,20,916.9024142,140,171
147,234,231146.0,21,654.8474899,80,132
117,269,777656.0,22,521.8756242,95,99
95,158,254685.0,23,403.5515407,68,86
69,169,4744605.0,0,300.101053,55,63
41,58,203716.0,1,181.4085813,23,33
34,143,132540.0,2,151.8889031,17,28
35,43,48827.0,3,157.6569226,23,33
42,113,118532.0,4,189.4465715,26,37
73,116,396888.0,5,343.0493551,36,63
87,182,743527.0,6,405.644498,53,81
182,305,1270746.0,7,856.402596,100,170
206,350,2242557.0,8,950.6286191,123,200
358,596,1403998.0,9,1604.7216896,184,322
372,753,6819470.0,10,1662.9161705,270,321
229,407,2136391.0,11,1089.8289083,159,216
164,310,4085599.0,12,736.2670312,99,156
133,205,1678864.0,13,604.0159038,76,129
29,120,757931.0,14,156.9977269,21,28
31,218,541022.0,15,163.0721737,15,30
27,155,282439.0,16,135.5077073,12,26
151,371,6660149.0,17,674.4357267,89,143
444,602,1119822.0,18,1858.3756201,147,396
224,520,1735671.0,19,991.0395606,113,210
252,778,1951285.0,20,1112.7674265,141,232
219,357,3654767.0,21,981.8337425,132,207
175,325,1064851.0,22,756.8910922,114,159
123,196,567070.0,23,540.3372444,58,110
68,124,72424.0,0,293.6221243,49,61
72,131,267273.0,1,319.8069673,45,67
68,118,283833.0,2,307.1336492,38,59
57,216,980761.0,3,261.3189474,34,53
89,243,671519.0,4,405.897253,61,82
98,142,774181.0,5,427.221577,65,86
132,309,569071.0,6,589.5008588,107,124
262,474,2928502.0,7,1169.1372225,143,234
397,664,1359003.0,8,1667.7373991,191,368
360,547,1580287.0,9,1646.7025399,233,331
246,528,3803784.0,10,1077.2441523,143,219
348,547,1313541.0,11,1550.7986107,197,330
329,588,1145030.0,12,1486.3996762,213,311
364,606,5960322.0,13,1662.6365618,198,340
299,1606,3656561.0,14,1374.2157312,172,276
293,695,5058720.0,15,1355.6326517,184,279
180,433,3695545.0,16,808.2631133,100,163
256,442,1923499.0,17,1142.2126752,159,237
225,522,7356905.0,18,992.6477554,131,207
161,356,795266.0,19,717.274541,89,152
153,345,5564427.0,20,706.8003067,91,145
157,221,274490.0,21,687.3158278,102,149
107,148,134886.0,22,466.8558673,59,100
73,112,117659.0,23,323.735341,50,69
63,120,2727617.0,0,267.9032875,35,60
56,69,2694224.0,1,247.4097798,34,53
36,90,65962.0,2,153.7479757,21,31
34,54,69992.0,3,147.4349587,11,31
44,94,150545.0,4,202.6665809,31,40
45,66,264022.0,5,183.6201301,30,39
100,170,308446.0,6,432.1354237,57,93
131,203,157490.0,7,556.8755504,67,114
158,352,1850175.0,8,721.1774282,92,149
207,392,5153592.0,9,935.1898373,135,188
181,435,916442.0,10,806.464245,116,175
353,591,566690.0,11,1831.3623141,384,208
223,499,816819.0,12,980.7129561,132,214
564,1225,6720607.0,13,2524.2186266,301,474
277,720,1457292.0,14,1243.9659994,158,259
294,919,2574371.0,15,1376.6683746,155,266
211,391,2516403.0,16,924.4614607,143,191
165,296,680937.0,17,726.5191778,96,155
169,286,449442.0,18,749.8498391,102,166
189,399,6669349.0,19,816.172832,108,162
164,931,571531.0,20,735.59687,132,146
145,236,484185.0,21,647.3930379,62,132
120,221,652477.0,22,553.2042974,54,116
84,263,827805.0,23,370.6614705,43,75
63,77,130663.0,0,279.8340531,40,56
60,207,716132.0,1,275.0591572,30,56
31,44,152772.0,2,146.5548726,14,30
35,69,82195.0,3,171.7109417,27,28
48,62,85001.0,4,215.8525188,27,41
70,352,606007.0,5,328.5516346,44,62
81,131,200552.0,6,366.873314,37,76
134,282,1586132.0,7,578.4245832,64,127
188,281,504118.0,8,838.9223233,96,173
362,767,1884526.0,9,1605.7617294,176,323
313,1779,1022187.0,10,1467.1960936,194,287
355,1223,4539466.0,11,1641.0433789,214,312
358,796,1042482.0,12,1610.3281119,222,312
349,854,18227509.0,13,1608.7780066,192,318
330,752,1278244.0,14,1514.0998412,167,307
333,1123,1584519.0,15,1470.7258069,178,305
283,556,1162749.0,16,1305.9674795,166,262
252,516,1474904.0,17,1114.9059372,165,241
305,502,746144.0,18,1349.4750337,174,290
338,526,2019432.0,19,1481.0060814,179,306
243,453,1276852.0,20,1092.0062698,143,231
282,503,752096.0,21,1225.0623592,172,251
168,514,776668.0,22,739.9891052,85,152
100,136,393940.0,23,425.8356378,49,96
89,136,191214.0,0,394.002932,47,74
73,548,836681.0,1,314.4674514,24,66
56,97,122576.0,2,256.9804657,17,49
54,142,429798.0,3,257.5164351,26,49
126,532,1701653.0,4,578.2819959,67,117
141,336,579173.0,5,614.6631883,105,129
195,584,23399488.0,6,952.0288295,151,177
293,541,27762206.0,7,1375.2166543,203,272
418,764,12367572.0,8,1959.8597939,264,388
556,1012,3952910.0,9,2589.1196267,341,505
444,1594,5826678.0,10,2062.8027921,258,407
424,774,4900467.0,11,1924.3180389,289,392
542,930,5563054.0,12,2524.7974828,337,488
276,793,3329520.0,13,1354.6279952,166,265
365,840,8476714.0,14,1727.0829466,212,345
543,2143,10097592.0,15,2524.7431295,354,477
409,808,20196459.0,16,1925.554039,238,381
404,776,6777611.0,17,1876.7910447,267,385
2827,4269,18803167.0,18,13076.6925159,740,2031
664,1372,9269439.0,19,3056.2403114,418,573
410,1018,5055828.0,20,1863.3913944,253,373
467,776,2642419.0,21,2172.1295947,217,402
252,501,537600.0,22,1119.1383039,146,233
154,216,953353.0,23,674.6163002,90,127
118,138,245674.0,0,511.8285946,62,107
84,112,3045650.0,1,379.4713511,41,71
87,159,527020.0,2,395.6232865,51,82
94,212,2060504.0,3,444.0832201,62,86
125,187,822771.0,4,565.5325675,91,114
177,233,1327479.0,5,815.920875,86,152
303,507,2551546.0,6,1385.2806818,198,254
342,598,1896794.0,7,1616.2895824,183,326
503,1341,6933885.0,8,2393.5507092,336,453
616,1438,16282692.0,9,2907.9514294,416,569
889,3527,11221351.0,10,4098.5026219,500,804
861,1752,7187550.0,11,4088.4944273,475,755
1169,2242,10525185.0,12,5477.4863679,688,1026
827,1521,6777760.0,13,3844.1462679,511,755
725,1348,11755105.0,14,3356.8224331,496,670
712,1381,10057735.0,15,3326.2743299,497,662
670,1116,33029114.0,16,3040.6221226,415,588
491,1123,8448434.0,17,2325.1862851,296,455
491,1227,12660455.0,18,2304.9157054,298,453
535,1162,11844083.0,19,2429.4419719,276,468
424,762,6079161.0,20,1954.028631,243,391
569,999,7608456.0,21,2565.3567684,557,492
348,655,4660461.0,22,1583.2836087,248,320
240,1311,7307508.0,23,1081.1583343,166,206
170,236,3614105.0,0,764.5279238,97,153
140,918,523839.0,1,653.0492415,89,130
116,154,494394.0,2,508.9786891,117,104
125,303,555190.0,3,585.0739465,89,110
209,428,4576615.0,4,953.9425565,172,198
291,525,2936649.0,5,1348.9145243,241,260
214,409,1580417.0,6,980.9313072,153,207
298,577,3237150.0,7,1408.8113739,220,262
637,1430,12269769.0,8,3025.9798854,460,590
788,1546,12519514.0,9,3652.455686,522,714
943,1951,15391517.0,10,4348.5660374,613,858
891,2223,20121702.0,11,4115.2580032,601,818
868,1676,9535441.0,12,4040.7327721,552,805
816,1796,15904239.0,13,3823.1469057,462,753
760,1791,14249136.0,14,3554.0938507,504,702
877,1688,19989498.0,15,4069.725654,538,811
789,2133,28311543.0,16,3543.5609296,504,708
670,1123,9722015.0,17,3087.4615822,501,602
633,1385,13831021.0,18,2804.0432189,438,556
515,1132,9648663.0,19,2325.286464,300,475
414,1321,7446869.0,20,1838.7649233,298,368
121,198,1760929.0,21,560.0611157,63,115
22,137,168981.0,22,110.2296789,25,21
16,64,790817.0,23,92.331083,11,14
19,115,3954195.0,0,92.3254909,14,16
252,509,3085322.0,1,1083.584359,106,217
287,654,8376004.0,2,1273.5475492,173,254
381,634,5373962.0,3,1715.6728889,201,319
417,875,8559417.0,4,1956.5114898,217,380
485,1282,15819210.0,5,2308.2393092,315,441
732,1766,21915520.0,6,3505.2687974,418,644
1018,2092,20512641.0,7,4763.9233653,558,915
1357,2509,19301813.0,8,6375.6384061,806,1191
1566,4042,41273808.0,9,7398.6832063,893,1412
1836,6669,43538376.0,10,8533.2588746,1090,1653
1682,6346,53509562.0,11,7855.5433269,1009,1560
1219,2587,38360903.0,12,5654.8872822,693,1122
994,2299,52076087.0,13,4796.8857824,607,930
1129,2519,47504060.0,14,5321.8223606,743,1041
1165,3246,75483878.0,15,5413.1426276,718,1011
1089,1835,22157313.0,16,5022.6917607,668,886
1416,7570,47425590.0,17,6438.6371915,886,1188
1248,3074,40533148.0,18,5720.0415812,725,1096
765,6434,41946322.0,19,3572.6176742,675,684
1064,1997,36471433.0,20,4910.8485203,690,905
393,974,38621532.0,21,1835.7719939,269,343
210,870,11064631.0,22,953.719003,192,170
560,1321,13605765.0,23,2537.9167693,402,442
441,617,1968895.0,0,1973.0559239,201,368
430,613,6226108.0,1,1848.4352996,242,321
361,601,5239352.0,2,1567.8808227,164,284
427,830,4032663.0,3,1981.8847479,222,379
759,1790,24973811.0,4,3646.8435437,502,685
642,1455,25223499.0,5,2993.810647,440,590
283,758,20184126.0,6,1393.505403,204,271
669,1945,34347133.0,7,3237.7041857,467,637
2330,4771,66782117.0,8,11033.9051781,1549,2139
2862,5252,67785002.0,9,13305.8714945,1712,2556
2008,5103,62386396.0,10,9631.1432177,1320,1830
2671,5432,46910676.0,11,12650.7937366,1593,2401
3758,8549,71828712.0,12,17526.3438026,2368,3287
3508,8854,88305757.0,13,16571.9814461,2157,3112
2897,5771,62714805.0,14,13644.9533368,1543,2659
2652,6010,50562883.0,15,12420.9044167,1428,2360
1514,3145,45158911.0,16,6982.371125,939,1371
797,2308,36739042.0,17,3751.8758782,504,730
221,1019,24820804.0,18,1072.8680526,183,176
469,1277,18583382.0,19,2205.677319,296,420
262,890,15446476.0,20,1231.3193697,176,224
262,420,4868086.0,21,1204.0087107,137,242
269,1434,18670179.0,22,1266.937534,117,239
208,400,2572731.0,23,906.4948305,99,194
153,261,6902411.0,0,684.11868,86,141
144,617,12472179.0,1,636.4453764,80,132
158,259,3816478.0,2,711.7703722,90,142
164,363,14351430.0,3,739.55647,79,146
164,353,6974344.0,4,717.9896289,68,149
248,1010,22223496.0,5,1130.4059494,120,214
355,1103,18830780.0,6,1637.2722952,195,314
499,871,16905611.0,7,2231.9757576,296,411
655,1986,17485498.0,8,3064.5271836,315,594
766,2228,39848055.0,9,3611.8211245,464,717
835,1889,23369656.0,10,3868.5752583,365,786
883,2942,41175673.0,11,4113.0964335,509,783
735,2368,43588287.0,12,3537.3407534,345,705
1035,3578,41308915.0,13,4798.9312796,537,965
883,5333,66555083.0,14,4192.9273359,471,842
972,2463,42529553.0,15,4518.5110806,574,858
883,3923,46753485.0,16,4186.427258,565,805
2302,5131,46637810.0,17,10429.0747172,1090,1989
2600,7208,38041304.0,18,11721.6658142,1312,2222
2206,4855,29289471.0,19,10090.8268553,1011,1932
1030,16457,76752882.0,20,4736.3363344,524,906
1921,4746,24609828.0,21,8527.4330992,906,1597
1669,4448,22996759.0,22,7354.2426414,618,1378
1608,5362,25171592.0,23,6973.4955119,604,1243
1137,2526,27352381.0,0,5076.2862013,476,948
1020,3907,19190658.0,1,4557.0681325,475,884
1352,4000,17219663.0,2,5936.9788635,1084,1077
1422,3422,42803304.0,3,6338.7958982,605,1182
1647,6074,24121611.0,4,7430.4346301,654,1453
2233,5656,45313809.0,5,10141.5494588,1022,1995
3958,12823,62664725.0,6,17787.4655594,1836,3406
5987,15102,68340172.0,7,27017.1733402,2776,5218
8005,21722,89683912.0,8,36381.2134919,3326,7123
5659,20419,150566613.0,9,26332.2141669,2719,5103
9083,28691,141079843.0,10,41806.826404,3625,8117
10143,26566,115577907.0,11,45317.2682781,4161,9109
10904,34051,130377217.0,12,48914.4491196,4459,9786
13312,43700,125341844.0,13,59571.5715168,5658,11688
14745,49723,155204041.0,14,66120.9500099,5913,13026
26593,78763,220283197.0,15,119053.378885,9275,23155
190534,394671,1278257972.0,16,870450.220329,48731,131020
209812,465897,1609408403.0,17,961993.494543,59182,124577
272322,640938,2109625422.0,18,1251976.67712,85667,171451
131823,312824,1210537281.0,19,603947.638888,39038,86026
132387,324757,1002401891.0,20,596856.27844,32481,99678
4749,13681,53715155.0,21,21796.0445475,2066,4219
1890,7939,50308685.0,22,8852.8298634,915,1701
2755,9778,20301484.0,23,12343.3234806,1337,2334
1642,4019,14573082.0,0,7272.9562043,693,1386
1173,2270,14682707.0,1,5207.4350729,513,1000
969,1415,6146665.0,2,4304.6994094,433,805
932,1726,9098304.0,3,4209.5430511,371,750
1171,4257,14007514.0,4,5344.2535791,471,962
1461,3721,16123142.0,5,6739.2491141,689,1236
1626,3459,33283469.0,6,7512.3784415,719,1441
1856,3766,21244804.0,7,8556.9780351,853,1647
1640,3764,22482124.0,8,7719.9602977,706,1482
1524,2902,15269708.0,9,7095.4305346,652,1361
1962,3568,20314082.0,10,9098.7961117,949,1640
1724,3058,16624301.0,11,8002.2771503,678,1522
5002,13322,126890768.0,12,22874.1492161,2629,4262
4684,9976,94548712.0,13,21220.6537568,2403,4094
4066,10621,70666907.0,14,18593.5064736,2020,3592
3847,16196,60954046.0,15,17511.9528161,2036,3283
3545,11670,78265689.0,16,16132.1805037,2144,2808
3117,12134,57696921.0,17,13960.4090555,2249,2424
2566,8383,60856049.0,18,11597.871541,1376,2206
2370,8297,46609157.0,19,10820.350551,1468,2017
2202,4402,46115343.0,20,9802.1105569,1585,1786
1739,3589,34140873.0,21,7740.9685902,983,1439
1279,2174,22524446.0,22,5618.514897,664,1022
948,3364,18788756.0,23,4115.4459964,412,762
818,1455,13566349.0,0,3598.9509617,335,640
882,3304,24457302.0,1,3868.5057347,311,658
804,1870,17267052.0,2,3560.0620788,295,608
755,3040,15431465.0,3,3320.6018533,266,587
797,20177,21815459.0,4,3541.0814463,374,676
802,1971,6584174.0,5,3579.7158387,432,688
955,2897,10658320.0,6,4225.8704045,550,829
1163,2859,32806311.0,7,5274.0406248,685,1052
1291,2592,17704678.0,8,5779.1475672,766,1149
1327,2538,15313405.0,9,5929.8180269,704,1166
1789,3401,10382845.0,10,7584.4854509,1125,1182
1323,2461,17417656.0,11,5897.6578399,719,1158
1319,2575,30807840.0,12,5884.9920929,677,1142
1323,2839,28905716.0,13,6016.0253202,666,1127
1051,1753,18403231.0,14,4732.2576969,632,944
867,1535,13912968.0,15,3859.2413632,449,759
718,2956,21586137.0,16,3174.5600312,425,640
678,1062,10360379.0,17,2995.2344831,423,555
703,1298,16195063.0,18,3116.3873011,412,593
450,1288,16128747.0,19,2041.1504292,287,368
199,664,8534233.0,20,917.2536557,118,178
602,1206,13112602.0,21,2625.5324079,475,418
599,925,3807862.0,22,2496.7774606,434,397
554,729,2587969.0,23,2273.1670673,243,356
270,389,3522278.0,0,1118.2223625,191,167
315,398,4021137.0,1,1309.8361017,177,191
243,527,1618990.0,2,1014.7317607,108,158
601,768,3134875.0,3,2514.8993149,157,369
325,490,2119138.0,4,1410.1800567,165,214
425,1410,2802261.0,5,1796.2872586,183,264
426,609,3297472.0,6,1848.3779245,204,325
548,1154,15606180.0,7,2439.9146055,301,433
620,1230,13619808.0,8,2728.1613907,357,508
635,1124,7561441.0,9,2875.1333761,333,537
671,1164,4903105.0,10,3018.073908,320,563
588,1518,19834214.0,11,2592.0487671,458,518
629,1001,9346257.0,12,2801.6972496,310,533
427,717,7464144.0,13,1930.5486192,248,389
507,698,3766352.0,14,2220.9230867,215,434
407,902,13340836.0,15,1816.8488428,204,357
398,1403,18719638.0,16,1826.6723926,191,361
415,970,14908506.0,17,1796.1403055,171,361
298,571,7393912.0,18,1312.2210124,165,262
326,476,878217.0,19,1414.3862447,195,289
292,542,3175257.0,20,1280.4205998,156,255
265,452,646679.0,21,1103.5862562,142,215
261,658,10463246.0,22,1137.95868,150,213
213,309,764819.0,23,910.8834577,68,171
195,284,4093910.0,0,807.0056524,96,152
185,306,386050.0,1,808.801222,73,144
149,189,563488.0,2,640.0576426,68,125
135,323,5864262.0,3,565.3699589,43,107
164,279,10198132.0,4,715.7244,61,139
188,685,1447760.0,5,838.2844504,90,161
204,264,1843729.0,6,884.0981738,107,182
261,337,716991.0,7,1160.5646675,158,236
280,759,8577400.0,8,1238.1956773,188,242
344,542,2411217.0,9,1526.3820241,179,307
329,566,7663324.0,10,1449.544471,175,267
358,554,3307536.0,11,1607.1280682,201,306
352,636,3540412.0,12,1597.2061603,163,278
472,700,4397391.0,13,2090.3493399,508,311
370,716,3236005.0,14,1620.5016485,335,264
277,636,5631617.0,15,1235.8340684,172,228
263,483,1584187.0,16,1140.6090974,164,232
274,506,3779263.0,17,1191.3663273,120,227
237,432,3342203.0,18,1028.3721208,119,199
203,279,1061791.0,19,904.1909459,121,180
145,332,1547137.0,20,644.8300673,66,129
200,330,1124139.0,21,837.5292324,102,174
195,255,2043244.0,22,834.3130113,67,155
128,162,760208.0,23,567.1484347,51,99
88,196,3441248.0,0,375.3079186,30,73
131,229,484078.0,1,571.8807738,50,101
140,176,303856.0,2,578.0872337,43,105
150,224,344081.0,3,609.3831159,50,113
148,316,6343873.0,4,642.8102046,59,129
154,230,400783.0,5,672.5767688,77,136
86,137,4215590.0,6,384.9185662,51,83
268,397,1867252.0,7,1143.0593062,96,191
342,425,1207573.0,8,1465.3982366,216,270
360,1391,12274953.0,9,1582.3623459,215,311
334,612,4942271.0,10,1519.6034329,192,291
330,632,5153331.0,11,1448.8937975,209,283
332,716,11868181.0,12,1471.6413592,163,281
442,653,1894513.0,13,1983.6804127,216,380
330,474,3809953.0,14,1434.1787898,178,274
296,831,4871460.0,15,1288.6044969,163,273
233,622,8408175.0,16,1038.7108467,139,204
248,377,4172562.0,17,1074.7902754,125,194
581,700,3047917.0,18,2468.3325539,101,340
228,338,1233591.0,19,991.2017801,99,177
219,349,797312.0,20,930.7892324,88,162
224,450,7996629.0,21,928.8481966,97,171
211,247,447269.0,22,851.2888685,40,119
122,142,267194.0,23,509.5950684,42,89
135,175,1488263.0,0,588.1625865,30,109
