503,1341,6933885.0,8,2393.5507092,336,453
616,1438,16282692.0,9,2907.9514294,416,569
889,3527,11221351.0,10,4098.5026219,500,804
861,1752,7187550.0,11,4088.4944273,475,755
1169,2242,10525185.0,12,5477.4863679,688,1026
827,1521,6777760.0,13,3844.1462679,511,755
725,1348,11755105.0,14,3356.8224331,496,670
712,1381,10057735.0,15,3326.2743299,497,662
670,1116,33029114.0,16,3040.6221226,415,588
491,1123,8448434.0,17,2325.1862851,296,455
491,1227,12660455.0,18,2304.9157054,298,453
535,1162,11844083.0,19,2429.4419719,276,468
424,762,6079161.0,20,1954.028631,243,391
569,999,7608456.0,21,2565.3567684,557,492
348,655,4660461.0,22,1583.2836087,248,320
240,1311,7307508.0,23,1081.1583343,166,206
170,236,3614105.0,0,764.5279238,97,153
140,918,523839.0,1,653.0492415,89,130
116,154,494394.0,2,508.9786891,117,104
125,303,555190.0,3,585.0739465,89,110
209,428,4576615.0,4,953.9425565,172,198
291,525,2936649.0,5,1348.9145243,241,260
214,409,1580417.0,6,980.9313072,153,207
298,577,3237150.0,7,1408.8113739,220,262
637,1430,12269769.0,8,3025.9798854,460,590
788,1546,12519514.0,9,3652.455686,522,714
943,1951,15391517.0,10,4348.5660374,613,858
891,2223,20121702.0,11,4115.2580032,601,818
868,1676,9535441.0,12,4040.7327721,552,805
816,1796,15904239.0,13,3823.1469057,462,753
760,1791,14249136.0,14,3554.0938507,504,702
877,1688,19989498.0,15,4069.725654,538,811
789,2133,28311543.0,16,3543.5609296,504,708
670,1123,9722015.0,17,3087.4615822,501,602
633,1385,13831021.0,18,2804.0432189,438,556
515,1132,9648663.0,19,2325.286464,300,475
414,1321,7446869.0,20,1838.7649233,298,368
121,198,1760929.0,21,560.0611157,63,115
22,137,168981.0,22,110.2296789,25,21
16,64,790817.0,23,92.331083,11,14
19,115,3954195.0,0,92.3254909,14,16
252,509,3085322.0,1,1083.584359,106,217
287,654,8376004.0,2,1273.5475492,173,254
381,634,5373962.0,3,1715.6728889,201,319
417,875,8559417.0,4,1956.5114898,217,380
485,1282,15819210.0,5,2308.2393092,315,441
732,1766,21915520.0,6,3505.2687974,418,644
1018,2092,20512641.0,7,4763.9233653,558,915
1357,2509,19301813.0,8,6375.6384061,806,1191
1566,4042,41273808.0,9,7398.6832063,893,1412
1836,6669,43538376.0,10,8533.2588746,1090,1653
1682,6346,53509562.0,11,7855.5433269,1009,1560
1219,2587,38360903.0,12,5654.8872822,693,1122
994,2299,52076087.0,13,4796.8857824,607,930
1129,2519,47504060.0,14,5321.8223606,743,1041
1165,3246,75483878.0,15,5413.1426276,718,1011
1089,1835,22157313.0,16,5022.6917607,668,886
1416,7570,47425590.0,17,6438.6371915,886,1188
1248,3074,40533148.0,18,5720.0415812,725,1096
765,6434,41946322.0,19,3572.6176742,675,684
1064,1997,36471433.0,20,4910.8485203,690,905
393,974,38621532.0,21,1835.7719939,269,343
210,870,11064631.0,22,953.719003,192,170
560,1321,13605765.0,23,2537.9167693,402,442
441,617,1968895.0,0,1973.0559239,201,368
430,613,6226108.0,1,1848.4352996,242,321
361,601,5239352.0,2,1567.8808227,164,284
427,830,4032663.0,3,1981.8847479,222,379
759,1790,24973811.0,4,3646.8435437,502,685
642,1455,25223499.0,5,2993.810647,440,590
283,758,20184126.0,6,1393.505403,204,271
669,1945,34347133.0,7,3237.7041857,467,637
2330,4771,66782117.0,8,11033.9051781,1549,2139
2862,5252,67785002.0,9,13305.8714945,1712,2556
2008,5103,62386396.0,10,9631.1432177,1320,1830
2671,5432,46910676.0,11,12650.7937366,1593,2401
3758,8549,71828712.0,12,17526.3438026,2368,3287
3508,8854,88305757.0,13,16571.9814461,2157,3112
2897,5771,62714805.0,14,13644.9533368,1543,2659
2652,6010,50562883.0,15,12420.9044167,1428,2360
1514,3145,45158911.0,16,6982.371125,939,1371
797,2308,36739042.0,17,3751.8758782,504,730
221,1019,24820804.0,18,1072.8680526,183,176
469,1277,18583382.0,19,2205.677319,296,420
262,890,15446476.0,20,1231.3193697,176,224
262,420,4868086.0,21,1204.0087107,137,242
269,1434,18670179.0,22,1266.937534,117,239
208,400,2572731.0,23,906.4948305,99,194
153,261,6902411.0,0,684.11868,86,141
144,617,12472179.0,1,636.4453764,80,132
158,259,3816478.0,2,711.7703722,90,142
164,363,14351430.0,3,739.55647,79,146
164,353,6974344.0,4,717.9896289,68,149
248,1010,22223496.0,5,1130.4059494,120,214
355,1103,18830780.0,6,1637.2722952,195,314
499,871,16905611.0,7,2231.9757576,296,411
655,1986,17485498.0,8,3064.5271836,315,594
766,2228,39848055.0,9,3611.8211245,464,717
835,1889,23369656.0,10,3868.5752583,365,786
883,2942,41175673.0,11,4113.0964335,509,783
735,2368,43588287.0,12,3537.3407534,345,705
1035,3578,41308915.0,13,4798.9312796,537,965
883,5333,66555083.0,14,4192.9273359,471,842
972,2463,42529553.0,15,4518.5110806,574,858
883,3923,46753485.0,16,4186.427258,565,805
2302,5131,46637810.0,17,10429.0747172,1090,1989
2600,7208,38041304.0,18,11721.6658142,1312,2222
2206,4855,29289471.0,19,10090.8268553,1011,1932
1030,16457,76752882.0,20,4736.3363344,524,906
1921,4746,24609828.0,21,8527.4330992,906,1597
1669,4448,22996759.0,22,7354.2426414,618,1378
1608,5362,25171592.0,23,6973.4955119,604,1243
1137,2526,27352381.0,0,5076.2862013,476,948
1020,3907,19190658.0,1,4557.0681325,475,884
1352,4000,17219663.0,2,5936.9788635,1084,1077
1422,3422,42803304.0,3,6338.7958982,605,1182
1647,6074,24121611.0,4,7430.4346301,654,1453
2233,5656,45313809.0,5,10141.5494588,1022,1995
3958,12823,62664725.0,6,17787.4655594,1836,3406
5987,15102,68340172.0,7,27017.1733402,2776,5218
