1647,2349,10704424.0,8,7427.6607153,539,1198
450,1114,6542811.0,9,2110.5992884,209,401
1706,3053,9919844.0,10,7635.2517743,488,1364
846,1588,3793815.0,11,3717.7203431,288,731
1027,2820,4835570.0,12,4594.6725449,399,844
1177,3020,9074230.0,13,5171.5067714,439,947
1305,3213,6875955.0,14,5783.8569661,466,1103
4778,8178,20968910.0,15,21313.4814473,1361,3975
8886,13209,51606430.0,16,39770.6464412,2102,6474
8569,13897,39586929.0,17,38256.3618334,2088,5774
7163,10803,33976812.0,18,32402.0961125,1936,5225
11420,17994,46713177.0,19,51899.4265029,2256,8326
