8005,21722,89683912.0,8,36381.2134919,3326,7123
5659,20419,150566613.0,9,26332.2141669,2719,5103
9083,28691,141079843.0,10,41806.826404,3625,8117
10143,26566,115577907.0,11,45317.2682781,4161,9109
10904,34051,130377217.0,12,48914.4491196,4459,9786
13312,43700,125341844.0,13,59571.5715168,5658,11688
14745,49723,155204041.0,14,66120.9500099,5913,13026
26593,78763,220283197.0,15,119053.378885,9275,23155
190534,394671,1278257972.0,16,870450.220329,48731,131020
209812,465897,1609408403.0,17,961993.494543,59182,124577
272322,640938,2109625422.0,18,1251976.67712,85667,171451
131823,312824,1210537281.0,19,603947.638888,39038,86026
