132387,324757,1002401891.0,20,596856.27844,32481,99678
4749,13681,53715155.0,21,21796.0445475,2066,4219
1890,7939,50308685.0,22,8852.8298634,915,1701
2755,9778,20301484.0,23,12343.3234806,1337,2334
1642,4019,14573082.0,0,7272.9562043,693,1386
1173,2270,14682707.0,1,5207.4350729,513,1000
969,1415,6146665.0,2,4304.6994094,433,805
932,1726,9098304.0,3,4209.5430511,371,750
1171,4257,14007514.0,4,5344.2535791,471,962
1461,3721,16123142.0,5,6739.2491141,689,1236
1626,3459,33283469.0,6,7512.3784415,719,1441
1856,3766,21244804.0,7,8556.9780351,853,1647
1640,3764,22482124.0,8,7719.9602977,706,1482
1524,2902,15269708.0,9,7095.4305346,652,1361
1962,3568,20314082.0,10,9098.7961117,949,1640
1724,3058,16624301.0,11,8002.2771503,678,1522
5002,13322,126890768.0,12,22874.1492161,2629,4262
4684,9976,94548712.0,13,21220.6537568,2403,4094
4066,10621,70666907.0,14,18593.5064736,2020,3592
3847,16196,60954046.0,15,17511.9528161,2036,3283
3545,11670,78265689.0,16,16132.1805037,2144,2808
3117,12134,57696921.0,17,13960.4090555,2249,2424
2566,8383,60856049.0,18,11597.871541,1376,2206
2370,8297,46609157.0,19,10820.350551,1468,2017
2202,4402,46115343.0,20,9802.1105569,1585,1786
1739,3589,34140873.0,21,7740.9685902,983,1439
1279,2174,22524446.0,22,5618.514897,664,1022
948,3364,18788756.0,23,4115.4459964,412,762
818,1455,13566349.0,0,3598.9509617,335,640
882,3304,24457302.0,1,3868.5057347,311,658
804,1870,17267052.0,2,3560.0620788,295,608
755,3040,15431465.0,3,3320.6018533,266,587
797,20177,21815459.0,4,3541.0814463,374,676
802,1971,6584174.0,5,3579.7158387,432,688
955,2897,10658320.0,6,4225.8704045,550,829
1163,2859,32806311.0,7,5274.0406248,685,1052
1291,2592,17704678.0,8,5779.1475672,766,1149
1327,2538,15313405.0,9,5929.8180269,704,1166
1789,3401,10382845.0,10,7584.4854509,1125,1182
1323,2461,17417656.0,11,5897.6578399,719,1158
1319,2575,30807840.0,12,5884.9920929,677,1142
1323,2839,28905716.0,13,6016.0253202,666,1127
1051,1753,18403231.0,14,4732.2576969,632,944
867,1535,13912968.0,15,3859.2413632,449,759
718,2956,21586137.0,16,3174.5600312,425,640
678,1062,10360379.0,17,2995.2344831,423,555
703,1298,16195063.0,18,3116.3873011,412,593
450,1288,16128747.0,19,2041.1504292,287,368
199,664,8534233.0,20,917.2536557,118,178
602,1206,13112602.0,21,2625.5324079,475,418
599,925,3807862.0,22,2496.7774606,434,397
554,729,2587969.0,23,2273.1670673,243,356
270,389,3522278.0,0,1118.2223625,191,167
315,398,4021137.0,1,1309.8361017,177,191
243,527,1618990.0,2,1014.7317607,108,158
601,768,3134875.0,3,2514.8993149,157,369
325,490,2119138.0,4,1410.1800567,165,214
425,1410,2802261.0,5,1796.2872586,183,264
426,609,3297472.0,6,1848.3779245,204,325
548,1154,15606180.0,7,2439.9146055,301,433
620,1230,13619808.0,8,2728.1613907,357,508
635,1124,7561441.0,9,2875.1333761,333,537
671,1164,4903105.0,10,3018.073908,320,563
588,1518,19834214.0,11,2592.0487671,458,518
629,1001,9346257.0,12,2801.6972496,310,533
427,717,7464144.0,13,1930.5486192,248,389
507,698,3766352.0,14,2220.9230867,215,434
407,902,13340836.0,15,1816.8488428,204,357
398,1403,18719638.0,16,1826.6723926,191,361
415,970,14908506.0,17,1796.1403055,171,361
298,571,7393912.0,18,1312.2210124,165,262
326,476,878217.0,19,1414.3862447,195,289
292,542,3175257.0,20,1280.4205998,156,255
265,452,646679.0,21,1103.5862562,142,215
261,658,10463246.0,22,1137.95868,150,213
213,309,764819.0,23,910.8834577,68,171
195,284,4093910.0,0,807.0056524,96,152
185,306,386050.0,1,808.801222,73,144
149,189,563488.0,2,640.0576426,68,125
135,323,5864262.0,3,565.3699589,43,107
164,279,10198132.0,4,715.7244,61,139
188,685,1447760.0,5,838.2844504,90,161
204,264,1843729.0,6,884.0981738,107,182
261,337,716991.0,7,1160.5646675,158,236
280,759,8577400.0,8,1238.1956773,188,242
344,542,2411217.0,9,1526.3820241,179,307
329,566,7663324.0,10,1449.544471,175,267
358,554,3307536.0,11,1607.1280682,201,306
352,636,3540412.0,12,1597.2061603,163,278
472,700,4397391.0,13,2090.3493399,508,311
370,716,3236005.0,14,1620.5016485,335,264
277,636,5631617.0,15,1235.8340684,172,228
263,483,1584187.0,16,1140.6090974,164,232
274,506,3779263.0,17,1191.3663273,120,227
237,432,3342203.0,18,1028.3721208,119,199
203,279,1061791.0,19,904.1909459,121,180
145,332,1547137.0,20,644.8300673,66,129
200,330,1124139.0,21,837.5292324,102,174
195,255,2043244.0,22,834.3130113,67,155
128,162,760208.0,23,567.1484347,51,99
88,196,3441248.0,0,375.3079186,30,73
131,229,484078.0,1,571.8807738,50,101
140,176,303856.0,2,578.0872337,43,105
150,224,344081.0,3,609.3831159,50,113
148,316,6343873.0,4,642.8102046,59,129
154,230,400783.0,5,672.5767688,77,136
86,137,4215590.0,6,384.9185662,51,83
268,397,1867252.0,7,1143.0593062,96,191
342,425,1207573.0,8,1465.3982366,216,270
360,1391,12274953.0,9,1582.3623459,215,311
334,612,4942271.0,10,1519.6034329,192,291
330,632,5153331.0,11,1448.8937975,209,283
332,716,11868181.0,12,1471.6413592,163,281
442,653,1894513.0,13,1983.6804127,216,380
330,474,3809953.0,14,1434.1787898,178,274
296,831,4871460.0,15,1288.6044969,163,273
233,622,8408175.0,16,1038.7108467,139,204
248,377,4172562.0,17,1074.7902754,125,194
581,700,3047917.0,18,2468.3325539,101,340
228,338,1233591.0,19,991.2017801,99,177
