304,402,1390812.0,8,1385.2473101,98,226
262,2347,1297038.0,9,1180.0773369,83,183
361,473,1221528.0,10,1644.6946456,98,225
316,426,1698661.0,11,1464.2577322,84,227
439,628,991021.0,12,1989.9495706,115,326
362,600,1287071.0,13,1575.0503307,94,280
334,434,1076150.0,14,1529.8471669,83,225
327,446,757510.0,15,1468.0610393,64,216
259,2386,1290304.0,16,1163.7280919,65,161
232,375,462949.0,17,1046.9816811,62,145
256,747,10089251.0,18,1253.439015,54,148
236,290,460705.0,19,1045.5742612,40,157
209,262,442448.0,20,900.4847176,38,122
196,226,312763.0,21,856.7642093,20,109
205,236,339039.0,22,935.919133,41,122
174,185,249099.0,23,743.305549,6,110
153,175,541269.0,0,685.9094111,12,81
95,102,162557.0,1,381.1583068,11,52
74,79,97681.0,2,315.0232569,11,43
94,104,179287.0,3,399.4415116,11,63
111,178,251086.0,4,502.0592699,28,71
143,208,249928.0,5,627.4964545,19,95
23,27,60959.0,6,101.7221628,6,21
162,202,236879.0,7,695.1806698,35,124
207,521,2557787.0,8,931.4805796,61,163
257,355,746410.0,9,1175.5528233,76,191
344,473,1043050.0,10,1617.8714928,97,232
299,390,876857.0,11,1307.152972,73,193
258,362,840868.0,12,1141.8242339,92,193
271,442,5239760.0,13,1208.1943713,68,180
244,1342,10688312.0,14,1144.0617461,88,170
405,544,624404.0,15,1729.4676223,92,210
271,308,583068.0,16,1210.7561448,50,165
369,603,4411883.0,17,1618.2194986,125,198
292,412,832758.0,18,1342.1390215,58,158
227,262,1375909.0,19,992.748705,27,134
160,202,546799.0,20,703.0610757,48,107
6,6,9720.0,21,27.1317909,1,5
4,8,4024.0,23,22.1197821,4,3
2,2,3650.0,23,7.6977714,0,1
57,61,98502.0,0,247.3546156,5,39
539,607,2679768.0,1,2299.6365387,56,235
348,393,1224202.0,2,1587.3198728,74,157
311,410,2487076.0,3,1426.8507997,69,159
342,414,1687849.0,4,1546.1962037,79,195
367,430,1718488.0,5,1677.3978858,97,235
507,685,1986338.0,6,2350.6875282,130,328
763,928,2877932.0,7,3469.3410161,205,455
880,1116,2857000.0,8,4000.2861165,249,571
950,1248,5923879.0,9,4332.1390122,246,528
964,1451,4662168.0,10,4496.7680435,209,593
1060,1511,3870771.0,11,4822.5558502,237,509
658,926,6068608.0,12,2990.2218518,141,423
590,820,4414441.0,13,2704.6675878,146,409
598,774,2963289.0,14,2730.4742289,182,397
604,1039,3020133.0,15,2802.8785714,189,396
613,1149,3817892.0,16,2781.9710952,150,399
1005,1304,13399546.0,17,4599.1500757,218,538
617,1224,13982313.0,18,2922.1834729,150,376
510,748,4347829.0,19,2253.3143523,154,334
955,1174,3075300.0,20,4301.5543916,200,448
59,77,158227.0,21,251.2720891,20,52
346,822,3110091.0,22,1575.2754201,87,206
554,607,1042194.0,23,2416.5807818,76,237
458,511,1365404.0,0,1980.8152016,53,216
451,516,4925347.0,1,1926.9379875,47,197
358,386,996547.0,2,1559.2392369,30,143
308,349,1454964.0,3,1347.432604,42,149
486,636,4520370.0,4,2179.9719141,88,310
155,262,296569.0,5,729.7987713,58,113
75,223,1827773.0,6,332.6232049,41,67
443,639,6005356.0,7,2041.6645291,178,329
914,1216,4422200.0,8,4135.7288127,325,553
949,1299,5910186.0,9,4423.0439189,256,527
614,990,3128984.0,10,2833.7030005,190,419
1955,3149,9003911.0,11,9303.3829231,598,1177
1807,2279,7386449.0,12,8175.4319297,485,903
1339,2037,7014272.0,13,6156.5026797,333,774
1017,1353,5177712.0,14,4743.7702086,313,605
733,988,6614239.0,15,3325.9126159,271,470
678,822,3936018.0,16,3054.1972272,216,426
74,85,719319.0,17,346.2334329,26,68
140,204,1288958.0,18,647.4643117,47,117
262,378,5434722.0,19,1177.2894617,49,196
137,179,2849764.0,20,612.3875384,40,113
171,187,950660.0,21,758.4920535,41,132
141,158,4256273.0,22,633.8213418,32,114
126,144,312389.0,23,552.0748531,19,87
103,108,249386.0,0,434.2731447,6,61
50,53,115951.0,1,214.5371539,9,35
103,111,777188.0,2,472.694732,10,63
82,89,160129.0,3,369.7297439,11,62
83,85,125403.0,4,355.1814393,12,62
114,144,564159.0,5,519.2983035,24,85
119,208,1024247.0,6,550.1454675,34,94
179,256,960659.0,7,813.2542955,64,142
198,320,2328354.0,8,919.7605337,57,172
185,663,4572214.0,9,817.6839912,57,155
254,327,1424555.0,10,1160.0384459,76,193
223,352,7360902.0,11,997.9836953,70,169
230,469,1767091.0,12,1061.0901262,61,175
277,366,1735425.0,13,1237.5551827,108,215
285,623,5242054.0,14,1313.8618637,85,209
253,502,1780598.0,15,1160.2044451,85,182
392,622,6059601.0,16,1788.5585806,111,273
1208,2584,5738105.0,17,5500.7973083,354,704
2022,3625,10662095.0,18,9320.3135978,531,989
1890,3730,11899063.0,19,8646.1699764,563,1060
613,1281,6957872.0,20,2857.0925873,239,459
979,1480,6290029.0,21,4389.793291,223,559
989,1222,4797375.0,22,4534.7689447,175,469
676,907,4193782.0,23,3024.7899262,72,362
518,1195,1546877.0,0,2251.0585168,75,260
520,988,1865292.0,1,2295.2047061,58,315
446,744,1255156.0,2,1971.8409612,78,267
587,766,5273028.0,3,2537.3572119,88,309
514,917,6403800.0,4,2254.2310276,142,346
704,1728,9984802.0,5,3153.3980107,206,498
929,1957,9778675.0,6,4270.3613758,257,650
1350,2272,9025310.0,7,6101.6319527,414,984
