4284,7479,15891019.0,20,19155.1643469,1119,3583
508,866,3128509.0,21,2343.3781119,128,416
403,525,1449209.0,22,1910.7629244,101,262
392,463,628170.0,23,1785.9495645,71,231
234,410,607708.0,0,1114.1846287,26,140
187,224,3336628.0,1,883.5162973,27,103
223,292,2011707.0,2,1163.1665348,32,109
179,206,376863.0,3,811.8185014,25,109
210,1067,3150893.0,4,983.6999241,39,135
196,297,549784.0,5,901.4842618,52,132
254,345,3070773.0,6,1210.181772,56,183
303,422,1489216.0,7,1418.2241127,85,212
214,688,1432657.0,8,967.5252976,44,171
264,338,378317.0,9,1224.910331,63,176
372,470,2513740.0,10,1821.8238211,74,197
569,734,1615878.0,11,2547.0290526,139,411
1320,2051,5777929.0,12,5892.0035246,341,790
1500,2390,5760419.0,13,6731.2736817,346,956
1210,1753,8610316.0,14,5588.8138387,301,765
1513,2306,13226597.0,15,6737.6258035,328,815
1233,1567,11802686.0,16,5505.1866072,278,714
1074,3543,4876451.0,17,4818.5834396,253,635
941,1290,3327141.0,18,4159.4216855,252,516
961,1157,2501241.0,19,4187.971063,186,514
801,1174,7150194.0,20,3561.1498273,172,413
699,865,1858631.0,21,3092.5739181,132,360
726,1112,1873609.0,22,3225.1781756,121,356
546,657,3029262.0,23,2377.3130285,50,262
450,488,3416793.0,0,1970.0290027,46,199
388,419,2673523.0,1,1674.8821035,42,178
414,471,4258898.0,2,1816.7678299,55,200
402,459,1034846.0,3,1749.259379,53,203
419,604,1817108.0,4,1887.3245001,60,208
535,809,4080691.0,5,2381.2833991,136,308
662,911,4360355.0,6,2984.4503658,108,360
766,923,5179867.0,7,3381.560359,143,465
865,1203,5855026.0,8,3846.3003508,185,421
998,1261,6387443.0,9,4483.4366231,200,496
1086,1467,6332171.0,10,5063.2512537,230,485
1019,1275,3691691.0,11,4592.8089583,191,470
1046,1364,9280119.0,12,4711.3013317,245,499
984,1316,3325593.0,13,4351.9720608,196,459
936,1486,3103581.0,14,4255.548325,149,425
661,1025,2908517.0,15,2990.4920595,128,412
1020,1371,3491774.0,16,4549.6925073,202,509
701,915,4840236.0,17,3128.4359046,131,395
663,816,1709311.0,18,2975.3374351,118,368
427,520,1116090.0,19,1864.2257908,78,267
254,294,488928.0,20,1089.158855,52,166
480,645,1255293.0,21,2105.7193375,78,247
489,552,1002347.0,22,2185.1308931,72,246
291,338,937211.0,23,1278.4310767,29,149
321,357,2363703.0,0,1349.4630387,27,151
266,285,475145.0,1,1150.9767792,11,124
228,246,558771.0,2,996.3096802,17,95
262,313,789705.0,3,1136.3507713,54,124
264,309,877422.0,4,1169.2190103,34,149
394,443,1066304.0,5,1715.723685,68,211
432,472,1417851.0,6,1897.8694309,60,247
534,636,1786199.0,7,2377.3356212,80,285
776,945,1895376.0,8,3544.8013112,127,371
760,1079,3694268.0,9,3470.7607266,135,436
1009,1185,3306401.0,10,4672.0993719,188,453
693,908,2421180.0,11,3100.7814397,159,425
776,1234,3129429.0,12,3493.7116067,235,437
555,1620,5349506.0,13,2509.8575009,107,320
777,1072,2490827.0,14,3559.3332116,192,382
611,889,2966258.0,15,2708.2355662,165,339
796,1030,2196897.0,16,3466.3556321,203,469
479,608,1749059.0,17,2114.5810638,105,278
606,688,1872251.0,18,2714.6371735,130,329
496,666,1876857.0,19,2176.4605837,90,272
501,686,1187685.0,20,2210.218507,176,243
506,584,925711.0,21,2221.2183551,57,270
444,502,988445.0,22,2023.1281641,45,224
402,440,1289759.0,23,1734.7130345,49,189
302,369,3980249.0,0,1302.1219249,29,141
247,280,858069.0,1,1086.3949828,18,104
246,262,678329.0,2,1085.7817903,8,115
215,232,378964.0,3,928.4704488,15,111
247,291,783294.0,4,1096.5293433,46,139
412,459,3546027.0,5,1818.7354445,48,203
378,491,1050561.0,6,1714.3209098,61,221
566,660,1185651.0,7,2489.1488092,93,278
529,667,2258647.0,8,2380.0496473,115,296
661,820,1594025.0,9,2977.4391428,112,352
591,797,2196018.0,10,2760.4981765,106,331
638,889,2215947.0,11,2781.6569405,146,363
759,1221,2845057.0,12,3266.7793218,101,344
703,868,2297121.0,13,3128.0982786,115,347
672,782,1770434.0,14,3051.3068748,134,338
598,733,1639882.0,15,2652.8620171,112,342
609,738,2544765.0,16,2731.2070742,132,326
610,1197,1561354.0,17,2672.6237556,94,328
556,671,2477809.0,18,2469.9943165,72,272
581,671,1385633.0,19,2527.8314134,87,277
257,302,746558.0,20,1121.1598182,65,153
484,679,839630.0,21,2104.9198393,37,213
457,527,1181167.0,22,2069.3608259,36,194
174,196,383831.0,23,744.7937878,25,116
266,293,1321379.0,0,1122.6031179,20,125
286,303,569842.0,1,1209.3184338,25,115
243,266,645806.0,2,1088.9855155,15,99
309,336,592472.0,3,1347.9540744,35,120
304,338,864855.0,4,1327.4485653,28,139
411,463,1101019.0,5,1782.8733318,50,198
204,263,791887.0,6,878.9029648,14,125
702,818,3122433.0,7,3053.6604127,80,322
753,1028,1958015.0,8,3388.6242248,171,345
756,973,3449764.0,9,3491.4026505,187,392
803,1050,2818557.0,10,3811.0717253,168,379
1024,1319,2943798.0,11,4505.9567869,148,387
1209,1689,3725557.0,12,5346.0473129,148,483
962,1392,5781273.0,13,4274.7756891,200,447
743,1029,2611752.0,14,3358.1858375,161,394
881,1207,5817827.0,15,3977.8584591,144,421
709,897,2754355.0,16,3135.3839264,125,351
619,712,1982356.0,17,2730.9871455,84,302
659,869,2822660.0,18,2964.037571,111,312
628,1095,2040133.0,19,2676.5388478,99,324
