616
889
861
1169
827
725
712
670
491
491
535
424
569
348
240
170
140
116
125
209
291
214
298
637
788
943
891
868
816
760
877
789
670
633
515
414
121
22
16
19
252
287
381
417
485
732
1018
1357
1566
1836
1682
1219
994
1129
1165
1089
1416
1248
765
1064
393
210
560
441
430
361
427
759
642
283
669
2330
2862
2008
2671
3758
3508
2897
2652
1514
797
221
469
262
262
269
208
153
144
158
164
164
248
355
499
655
766
835
883
735
1035
883
972
883
2302
2600
2206
1030
1921
1669
1608
1137
1020
1352
1422
1647
2233
3958
5987
8005
