4749
1890
2755
1642
1173
969
932
1171
1461
1626
1856
1640
1524
1962
1724
5002
4684
4066
3847
3545
3117
2566
2370
2202
1739
1279
948
818
882
804
755
797
802
955
1163
1291
1327
1789
1323
1319
1323
1051
867
718
678
703
450
199
602
599
554
270
315
243
601
325
425
426
548
620
635
671
588
629
427
507
407
398
415
298
326
292
265
261
213
195
185
149
135
164
188
204
261
280
344
329
358
352
472
370
277
263
274
237
203
145
200
195
128
88
131
140
150
148
154
86
268
342
360
334
330
332
442
330
296
233
248
581
228
219
