59,63,113317.0,12225.0,1
61,70,96087.0,17117.0,2
54,102,103568.0,10658.0,3
56,74,91402.0,12225.0,4
70,85,140395.0,14979.0,5
90,116,227804.0,52483.0,6
76,100,243440.0,25884.0,7
183,225,707847.0,174922.0,8
165,248,414222.0,52483.0,9
175,245,1193247.0,811823.0,10
201,256,1589166.0,144250.0,11
288,386,1334333.0,494280.0,12
220,281,754832.0,114331.0,13
221,256,544630.0,60702.0,14
273,348,802648.0,118210.0,15
266,326,1236566.0,494280.0,16
89,94,257827.0,68023.0,17
110,134,232589.0,36489.0,18
87,259,998907.0,864086.0,19
136,168,227662.0,24906.0,20
133,150,262782.0,52483.0,21
100,116,244349.0,50314.0,22
80,81,138609.0,10859.0,23
39,59,289047.0,195149.0,0
64,74,706268.0,144250.0,1
244,365,3517932.0,3305624.0,2
109,114,200035.0,76932.0,3
114,168,219301.0,64732.0,4
260,277,426458.0,144250.0,5
78,208,312320.0,191347.0,6
165,201,362607.0,22164.0,7
230,259,490306.0,28342.0,8
250,325,492798.0,34597.0,9
191,217,389536.0,24906.0,10
158,199,548171.0,130641.0,11
216,285,473983.0,23943.0,12
303,385,2271324.0,320334.0,13
230,352,646566.0,72434.0,14
224,249,367596.0,39121.0,15
376,437,579767.0,136210.0,16
130,197,482002.0,131281.0,17
187,247,739265.0,320334.0,18
171,196,267256.0,52483.0,19
123,138,195793.0,10986.0,20
90,99,150583.0,36489.0,21
62,68,94117.0,10658.0,22
59,66,201838.0,144250.0,23
37,43,55141.0,10658.0,0
50,60,192340.0,52484.0,1
12,14,164604.0,144250.0,2
21,23,99347.0,52484.0,3
26,40,62396.0,32983.0,4
144,148,126759.0,10658.0,5
18,34,85924.0,35936.0,6
125,150,196758.0,36489.0,7
170,253,521649.0,67426.0,8
196,246,808519.0,136210.0,9
222,254,836683.0,290103.0,10
183,258,957345.0,144250.0,11
322,395,918396.0,118210.0,12
204,327,602056.0,92147.0,13
246,294,686802.0,40077.0,14
212,299,1320297.0,144250.0,15
167,196,306598.0,32983.0,16
128,161,468727.0,74874.0,17
223,244,785672.0,320334.0,18
207,232,406957.0,52484.0,19
84,107,159051.0,26697.0,20
134,153,196617.0,22512.0,21
71,83,78127.0,10658.0,22
118,131,186319.0,10658.0,23
60,69,59394.0,5042.0,0
56,62,76832.0,17117.0,1
47,58,79162.0,32983.0,2
52,73,127819.0,32983.0,3
76,210,170961.0,14671.0,4
154,174,1034725.0,144250.0,5
51,74,204684.0,67426.0,6
87,177,116347.0,12225.0,7
133,175,659166.0,167186.0,8
161,203,671726.0,136210.0,9
150,204,434703.0,78355.0,10
134,164,451749.0,68023.0,11
189,239,448337.0,108481.0,12
270,309,710227.0,118210.0,13
217,275,433069.0,45937.0,14
181,291,1054613.0,320334.0,15
169,213,397982.0,62788.0,16
163,248,434892.0,144250.0,17
216,279,1352703.0,320334.0,18
180,236,260161.0,39513.0,19
154,226,538528.0,136210.0,20
146,700,10035133.0,9619642.0,21
121,152,252980.0,70151.0,22
153,221,416555.0,152081.0,23
104,145,141073.0,11976.0,0
103,108,124535.0,20788.0,1
133,162,208861.0,29225.0,2
9,13,8704.0,6578.0,3
9,12,10609.0,2448.0,4
181,507,3092625.0,2558472.0,5
248,336,406629.0,131281.0,6
414,588,2094647.0,582890.0,7
404,501,660100.0,95074.0,8
658,857,1857254.0,320334.0,9
576,939,2169521.0,582890.0,10
613,1339,7731382.0,4721206.0,11
1918,2827,5561622.0,665769.0,12
1878,2707,4745920.0,269445.0,13
1574,2571,4230990.0,267675.0,14
2311,3125,6325950.0,368903.0,15
5030,8801,19042329.0,4721903.0,16
1427,1855,9809299.0,4721903.0,17
1781,2777,5550360.0,665769.0,18
2082,3258,6661345.0,651922.0,19
669,1149,1909241.0,138408.0,20
437,590,1239033.0,320330.0,21
331,512,754538.0,99611.0,22
291,411,370339.0,46214.0,23
236,316,464878.0,52491.0,0
156,210,591325.0,237275.0,1
148,219,766815.0,308512.0,2
156,199,287398.0,52485.0,3
195,255,437293.0,52491.0,4
222,308,580246.0,50870.0,5
195,290,1372920.0,508706.0,6
471,888,971542.0,77426.0,7
414,683,4919610.0,1170920.0,8
382,897,1269446.0,197037.0,9
344,561,1332365.0,320335.0,10
331,419,641016.0,87854.0,11
266,508,990534.0,320335.0,12
377,736,10749242.0,9625512.0,13
269,339,710039.0,118209.0,14
218,301,808138.0,112132.0,15
253,445,1290142.0,661627.0,16
117,149,238544.0,93477.0,17
335,390,838699.0,320329.0,18
200,280,1018153.0,699246.0,19
169,213,197875.0,20233.0,20
135,157,211908.0,20233.0,21
134,147,202291.0,24904.0,22
112,127,233193.0,62788.0,23
103,121,1391220.0,1300901.0,0
98,111,179820.0,17186.0,1
107,117,184874.0,54333.0,2
87,110,169847.0,80638.0,3
85,110,206545.0,48521.0,4
108,132,266031.0,36491.0,5
72,91,165053.0,24398.0,6
131,190,543324.0,180096.0,7
185,212,1641687.0,1237838.0,8
201,638,2508793.0,1121543.0,9
200,257,425115.0,103682.0,10
156,187,173677.0,10659.0,11
102,133,403726.0,92126.0,12
6,13,39830.0,27122.0,13
46,61,100466.0,23022.0,14
207,230,285663.0,14008.0,15
203,214,271895.0,13557.0,16
175,191,306646.0,68673.0,17
183,682,351237.0,72434.0,18
169,198,440125.0,121927.0,19
275,542,890981.0,267682.0,20
791,5252,1753591.0,354703.0,21
374,485,734055.0,320335.0,22
196,229,310266.0,28343.0,23
160,268,482796.0,285649.0,0
78,96,197550.0,52491.0,1
105,137,1034709.0,827273.0,2
91,107,153420.0,11920.0,3
258,402,377265.0,30987.0,4
203,286,359964.0,50314.0,5
151,329,1004237.0,523228.0,6
190,248,552032.0,156227.0,7
228,387,755676.0,174085.0,8
192,233,498755.0,115633.0,9
182,350,1017755.0,474400.0,10
169,257,404548.0,92126.0,11
189,708,1015176.0,294752.0,12
165,254,776127.0,268497.0,13
196,265,493769.0,92126.0,14
165,216,599831.0,267682.0,15
272,393,348415.0,39938.0,16
243,415,362132.0,42639.0,17
310,410,547699.0,78926.0,18
194,310,671875.0,195925.0,19
260,325,379168.0,53124.0,20
307,362,711724.0,320329.0,21
308,330,627619.0,320329.0,22
106,116,500260.0,320334.0,23
163,171,138434.0,25602.0,0
71,91,169480.0,46374.0,1
59,76,83596.0,12223.0,2
104,112,103781.0,9567.0,3
109,118,85821.0,7604.0,4
70,111,83032.0,7604.0,5
85,105,381634.0,118209.0,6
208,384,5812212.0,4900781.0,7
249,339,593391.0,94860.0,8
335,404,906527.0,348984.0,9
353,402,1095394.0,320334.0,10
221,316,1589995.0,954128.0,11
146,191,410095.0,89667.0,12
68,78,80207.0,14979.0,13
16,65,245209.0,125798.0,14
14,57,203537.0,165061.0,15
12,38,66087.0,19526.0,16
487,663,930942.0,348042.0,17
568,660,508106.0,53100.0,18
254,355,431339.0,78354.0,19
259,373,395575.0,32983.0,20
211,243,288648.0,74874.0,21
206,284,477762.0,52491.0,22
136,173,508061.0,144252.0,23
99,109,146453.0,44171.0,0
116,121,161196.0,16396.0,1
86,108,178735.0,36491.0,2
91,114,231315.0,40962.0,3
120,162,444833.0,158515.0,4
134,154,435223.0,118209.0,5
241,294,573596.0,217548.0,6
218,269,950317.0,597904.0,7
591,669,492342.0,23022.0,8
644,777,1429879.0,494280.0,9
227,352,519659.0,136239.0,10
537,741,1787437.0,358244.0,11
432,579,2095726.0,320334.0,12
611,731,1187466.0,148813.0,13
359,1323,1563337.0,320334.0,14
256,451,5931372.0,4721701.0,15
186,431,730353.0,253054.0,16
239,304,1120682.0,252033.0,17
197,242,551313.0,148813.0,18
235,292,2120489.0,1811744.0,19
167,196,405596.0,59366.0,20
145,186,373541.0,148813.0,21
141,232,197793.0,15305.0,22
116,123,177312.0,24903.0,23
140,155,174208.0,32212.0,0
100,123,163304.0,13569.0,1
99,114,226645.0,102598.0,2
106,119,145777.0,42639.0,3
127,157,267571.0,70160.0,4
60,73,123025.0,52490.0,5
142,205,334464.0,132797.0,6
395,455,561923.0,136305.0,7
157,190,349184.0,70160.0,8
209,394,4799800.0,4218440.0,9
205,228,1244427.0,494280.0,10
251,414,649224.0,197046.0,11
423,635,577036.0,54588.0,12
562,1289,6306828.0,4721717.0,13
359,608,1318347.0,494272.0,14
238,298,763196.0,320333.0,15
190,255,470899.0,118208.0,16
202,380,5793571.0,4721717.0,17
177,230,357712.0,49941.0,18
197,282,393950.0,163543.0,19
142,184,229784.0,39513.0,20
146,192,215973.0,52485.0,21
166,184,314002.0,50855.0,22
112,124,180844.0,24903.0,23
106,114,185670.0,52486.0,0
76,90,387923.0,144254.0,1
80,91,110717.0,18350.0,2
91,101,91130.0,10659.0,3
80,88,145391.0,42639.0,4
84,115,288123.0,60948.0,5
113,129,257673.0,42683.0,6
175,252,406138.0,68677.0,7
266,323,636869.0,96094.0,8
262,336,797894.0,118208.0,9
197,235,380305.0,52486.0,10
273,448,630253.0,97026.0,11
299,433,387684.0,37463.0,12
276,468,689109.0,154838.0,13
269,426,2326378.0,1300995.0,14
241,294,925423.0,382399.0,15
251,366,3619115.0,1300995.0,16
303,367,904138.0,508706.0,17
295,338,672254.0,163543.0,18
291,352,520436.0,78793.0,19
230,282,778000.0,163543.0,20
261,593,678820.0,192540.0,21
208,243,312588.0,20429.0,22
140,141,409819.0,225680.0,23
167,183,174322.0,7604.0,0
135,152,317611.0,52486.0,1
171,200,292828.0,10659.0,2
119,134,399733.0,76934.0,3
138,150,439442.0,78673.0,4
108,135,232842.0,36491.0,5
158,185,555388.0,285651.0,6
223,293,498465.0,78385.0,7
260,323,1473648.0,699246.0,8
264,323,573880.0,62641.0,9
263,335,697508.0,217551.0,10
253,303,578244.0,52485.0,11
333,483,882631.0,207333.0,12
66,151,340370.0,84142.0,13
465,628,1872596.0,494271.0,14
402,1110,1282268.0,132944.0,15
239,299,3532316.0,1300995.0,16
404,658,2554579.0,494271.0,17
526,960,1962311.0,405207.0,18
415,647,924082.0,134436.0,19
281,342,838917.0,163543.0,20
249,315,357163.0,20233.0,21
199,244,597566.0,152887.0,22
130,143,403689.0,52487.0,23
156,184,372792.0,52487.0,0
117,160,299875.0,54395.0,1
133,156,214399.0,27330.0,2
118,128,194709.0,15315.0,3
148,167,227124.0,24895.0,4
136,194,357992.0,50348.0,5
186,225,386477.0,52487.0,6
282,387,1389252.0,494264.0,7
304,402,1390812.0,320332.0,8
262,2347,1297038.0,597876.0,9
361,473,1221528.0,442182.0,10
316,426,1698661.0,494271.0,11
439,628,991021.0,128100.0,12
362,600,1287071.0,268405.0,13
334,434,1076150.0,217585.0,14
327,446,757510.0,216257.0,15
259,2386,1290304.0,494264.0,16
232,375,462949.0,62641.0,17
256,747,10089251.0,9623777.0,18
236,290,460705.0,50348.0,19
209,262,442448.0,39756.0,20
196,226,312763.0,56139.0,21
205,236,339039.0,28344.0,22
174,185,249099.0,25961.0,23
153,175,541269.0,285651.0,0
95,102,162557.0,42639.0,1
74,79,97681.0,7604.0,2
94,104,179287.0,34633.0,3
111,178,251086.0,54185.0,4
143,208,249928.0,54395.0,5
23,27,60959.0,23022.0,6
162,202,236879.0,16351.0,7
207,521,2557787.0,995797.0,8
257,355,746410.0,68677.0,9
344,473,1043050.0,267711.0,10
299,390,876857.0,267711.0,11
258,362,840868.0,166322.0,12
271,442,5239760.0,3051078.0,13
244,1342,10688312.0,9623882.0,14
405,544,624404.0,132992.0,15
271,308,583068.0,78673.0,16
369,603,4411883.0,2743355.0,17
292,412,832758.0,122924.0,18
227,262,1375909.0,423361.0,19
160,202,546799.0,133131.0,20
6,6,9720.0,3049.0,21
4,8,4024.0,2724.0,23
2,2,3650.0,3345.0,23
57,61,98502.0,12227.0,0
539,607,2679768.0,424425.0,1
348,393,1224202.0,359354.0,2
311,410,2487076.0,493019.0,3
342,414,1687849.0,584429.0,4
367,430,1718488.0,424427.0,5
507,685,1986338.0,359354.0,6
763,928,2877932.0,424427.0,7
880,1116,2857000.0,340427.0,8
950,1248,5923879.0,1126546.0,9
964,1451,4662168.0,1500226.0,10
1060,1511,3870771.0,382850.0,11
658,926,6068608.0,1690320.0,12
590,820,4414441.0,1019493.0,13
598,774,2963289.0,565612.0,14
604,1039,3020133.0,430844.0,15
613,1149,3817892.0,725380.0,16
1005,1304,13399546.0,3061437.0,17
617,1224,13982313.0,9617655.0,18
510,748,4347829.0,723612.0,19
955,1174,3075300.0,320330.0,20
59,77,158227.0,52403.0,21
346,822,3110091.0,1202257.0,22
554,607,1042194.0,171170.0,23
458,511,1365404.0,320330.0,0
451,516,4925347.0,3320194.0,1
358,386,996547.0,238162.0,2
308,349,1454964.0,424429.0,3
486,636,4520370.0,3320194.0,4
155,262,296569.0,26342.0,5
75,223,1827773.0,1501463.0,6
443,639,6005356.0,1240712.0,7
914,1216,4422200.0,1240712.0,8
949,1299,5910186.0,2282237.0,9
614,990,3128984.0,445374.0,10
1955,3149,9003911.0,667496.0,11
1807,2279,7386449.0,930784.0,12
1339,2037,7014272.0,748976.0,13
1017,1353,5177712.0,1240712.0,14
733,988,6614239.0,1019493.0,15
678,822,3936018.0,917277.0,16
74,85,719319.0,320330.0,17
140,204,1288958.0,375974.0,18
262,378,5434722.0,2754501.0,19
137,179,2849764.0,2221506.0,20
171,187,950660.0,448522.0,21
141,158,4256273.0,2754501.0,22
126,144,312389.0,76833.0,23
103,108,249386.0,52403.0,0
50,53,115951.0,30770.0,1
103,111,777188.0,121960.0,2
82,89,160129.0,27066.0,3
83,85,125403.0,7635.0,4
114,144,564159.0,236804.0,5
119,208,1024247.0,508568.0,6
179,256,960659.0,99409.0,7
198,320,2328354.0,884330.0,8
185,663,4572214.0,2610613.0,9
254,327,1424555.0,295329.0,10
223,352,7360902.0,6052617.0,11
230,469,1767091.0,220648.0,12
277,366,1735425.0,386747.0,13
285,623,5242054.0,2610613.0,14
253,502,1780598.0,370458.0,15
392,622,6059601.0,2567328.0,16
1208,2584,5738105.0,713638.0,17
2022,3625,10662095.0,1380245.0,18
1890,3730,11899063.0,4749700.0,19
613,1281,6957872.0,2754530.0,20
979,1480,6290029.0,2282254.0,21
989,1222,4797375.0,902814.0,22
676,907,4193782.0,713641.0,23
518,1195,1546877.0,424434.0,0
520,988,1865292.0,627498.0,1
446,744,1255156.0,320330.0,2
587,766,5273028.0,959176.0,3
514,917,6403800.0,2282264.0,4
704,1728,9984802.0,4481215.0,5
929,1957,9778675.0,2567356.0,6
1350,2272,9025310.0,1379302.0,7
1647,2349,10704424.0,2282264.0,8
450,1114,6542811.0,2221506.0,9
1706,3053,9919844.0,2282264.0,10
846,1588,3793815.0,661426.0,11
1027,2820,4835570.0,1301054.0,12
1177,3020,9074230.0,2253987.0,13
1305,3213,6875955.0,1093158.0,14
4778,8178,20968910.0,2742258.0,15
8886,13209,51606430.0,2282972.0,16
8569,13897,39586929.0,2279256.0,17
7163,10803,33976812.0,2282898.0,18
11420,17994,46713177.0,4218440.0,19
4284,7479,15891019.0,2273866.0,20
508,866,3128509.0,1379852.0,21
403,525,1449209.0,285831.0,22
392,463,628170.0,56083.0,23
234,410,607708.0,110349.0,0
187,224,3336628.0,2973306.0,1
223,292,2011707.0,1241006.0,2
179,206,376863.0,127199.0,3
210,1067,3150893.0,2568401.0,4
196,297,549784.0,120428.0,5
254,345,3070773.0,2626434.0,6
303,422,1489216.0,268806.0,7
214,688,1432657.0,397261.0,8
264,338,378317.0,14410.0,9
372,470,2513740.0,625386.0,10
569,734,1615878.0,121993.0,11
1320,2051,5777929.0,1231800.0,12
1500,2390,5760419.0,702289.0,13
1210,1753,8610316.0,3329932.0,14
1513,2306,13226597.0,6014382.0,15
1233,1567,11802686.0,5870465.0,16
1074,3543,4876451.0,1037236.0,17
941,1290,3327141.0,320335.0,18
961,1157,2501241.0,204802.0,19
801,1174,7150194.0,3329932.0,20
699,865,1858631.0,284931.0,21
726,1112,1873609.0,363249.0,22
546,657,3029262.0,948920.0,23
450,488,3416793.0,1231800.0,0
388,419,2673523.0,1354526.0,1
414,471,4258898.0,3329937.0,2
402,459,1034846.0,72546.0,3
419,604,1817108.0,578967.0,4
535,809,4080691.0,2266874.0,5
662,911,4360355.0,2266874.0,6
766,923,5179867.0,2266874.0,7
865,1203,5855026.0,1110310.0,8
998,1261,6387443.0,2266874.0,9
1086,1467,6332171.0,2538424.0,10
1019,1275,3691691.0,708800.0,11
1046,1364,9280119.0,2538424.0,12
984,1316,3325593.0,320335.0,13
936,1486,3103581.0,284931.0,14
661,1025,2908517.0,284931.0,15
1020,1371,3491774.0,300864.0,16
701,915,4840236.0,1784318.0,17
663,816,1709311.0,262886.0,18
427,520,1116090.0,121421.0,19
254,294,488928.0,32103.0,20
480,645,1255293.0,173006.0,21
489,552,1002347.0,42402.0,22
291,338,937211.0,320335.0,23
321,357,2363703.0,1784318.0,0
266,285,475145.0,32612.0,1
228,246,558771.0,46322.0,2
262,313,789705.0,121993.0,3
264,309,877422.0,121993.0,4
394,443,1066304.0,121421.0,5
432,472,1417851.0,128233.0,6
534,636,1786199.0,381552.0,7
776,945,1895376.0,111866.0,8
760,1079,3694268.0,579336.0,9
1009,1185,3306401.0,708801.0,10
693,908,2421180.0,285833.0,11
776,1234,3129429.0,553991.0,12
555,1620,5349506.0,2538458.0,13
777,1072,2490827.0,320335.0,14
611,889,2966258.0,578967.0,15
796,1030,2196897.0,320335.0,16
479,608,1749059.0,320335.0,17
606,688,1872251.0,494835.0,18
496,666,1876857.0,320335.0,19
501,686,1187685.0,81396.0,20
506,584,925711.0,55969.0,21
444,502,988445.0,78967.0,22
402,440,1289759.0,284931.0,23
302,369,3980249.0,3273864.0,0
247,280,858069.0,51055.0,1
246,262,678329.0,51055.0,2
215,232,378964.0,12236.0,3
247,291,783294.0,155451.0,4
412,459,3546027.0,2538458.0,5
378,491,1050561.0,121421.0,6
566,660,1185651.0,62450.0,7
529,667,2258647.0,320335.0,8
661,820,1594025.0,148718.0,9
591,797,2196018.0,168071.0,10
638,889,2215947.0,320335.0,11
759,1221,2845057.0,381552.0,12
703,868,2297121.0,148718.0,13
672,782,1770434.0,121421.0,14
598,733,1639882.0,159696.0,15
609,738,2544765.0,320335.0,16
610,1197,1561354.0,99314.0,17
556,671,2477809.0,494835.0,18
581,671,1385633.0,114845.0,19
257,302,746558.0,52087.0,20
484,679,839630.0,62279.0,21
457,527,1181167.0,284931.0,22
174,196,383831.0,32103.0,23
266,293,1321379.0,723735.0,0
286,303,569842.0,24868.0,1
243,266,645806.0,66893.0,2
309,336,592472.0,51055.0,3
304,338,864855.0,51055.0,4
411,463,1101019.0,121993.0,5
204,263,791887.0,121421.0,6
702,818,3122433.0,855174.0,7
753,1028,1958015.0,187743.0,8
756,973,3449764.0,855174.0,9
803,1050,2818557.0,494835.0,10
1024,1319,2943798.0,320335.0,11
1209,1689,3725557.0,494835.0,12
962,1392,5781273.0,2266890.0,13
743,1029,2611752.0,398531.0,14
881,1207,5817827.0,1377668.0,15
709,897,2754355.0,441377.0,16
619,712,1982356.0,320335.0,17
659,869,2822660.0,1377668.0,18
628,1095,2040133.0,285833.0,19
637,737,1625270.0,284931.0,20
704,778,944259.0,41539.0,21
468,503,985652.0,92234.0,22
335,367,758824.0,51055.0,23
