2,4,706.0,353.0,0
8,9,3181.0,1495.0,1
7,10,13031.0,7605.0,2
10,32,1405611.0,1362401.0,3
12,14,26140.0,22610.0,4
13,17,28240.0,9902.0,5
10,15,39721.0,21917.0,6
19,24,29059.0,12043.0,7
29,45,224739.0,130311.0,8
59,113,803125.0,458093.0,9
56,83,169520.0,18624.0,10
69,94,607418.0,233129.0,11
56,82,266678.0,54494.0,12
54,71,178033.0,84753.0,13
63,88,250050.0,121303.0,14
56,115,260018.0,76558.0,15
34,50,77429.0,15000.0,16
25,46,84394.0,25265.0,17
24,37,556673.0,458749.0,18
19,47,657680.0,563343.0,19
35,45,69533.0,20128.0,20
32,50,645764.0,339220.0,21
20,26,37774.0,24651.0,22
16,22,10036.0,3250.0,23
14,16,10989.0,3650.0,0
11,13,8339.0,2851.0,1
16,23,229951.0,121303.0,2
8,9,4031.0,1472.0,3
13,24,33134.0,11597.0,4
24,39,300422.0,148356.0,5
16,23,45848.0,22009.0,6
30,46,436418.0,233129.0,7
44,68,67642.0,13465.0,8
59,92,359162.0,150221.0,9
69,124,4695958.0,4552529.0,10
38,44,81493.0,15821.0,11
45,108,127737.0,31909.0,12
64,105,698509.0,238031.0,13
57,96,261948.0,80269.0,14
64,90,227912.0,46035.0,15
56,145,1140790.0,986417.0,16
31,48,107228.0,29536.0,17
34,59,74905.0,29214.0,18
27,30,21954.0,6589.0,19
22,349,1806020.0,1600894.0,20
22,33,140542.0,33034.0,21
24,29,9541.0,1303.0,22
35,40,254584.0,195432.0,23
9,12,12920.0,5499.0,0
14,16,8898.0,1745.0,1
2,2,658.0,494.0,2
1,1,126.0,126.0,3
5,8,74851.0,53849.0,4
13,17,63720.0,53849.0,5
23,37,120638.0,52879.0,6
27,62,203950.0,78301.0,7
78,141,830388.0,368812.0,8
87,841,1614686.0,500191.0,9
91,284,787868.0,76642.0,10
82,159,1120717.0,974628.0,11
86,163,1215992.0,929795.0,12
114,236,794920.0,195432.0,13
112,185,4860367.0,2587503.0,14
71,125,454525.0,97761.0,15
64,107,627349.0,243620.0,16
48,60,461595.0,243620.0,17
60,110,1195464.0,951322.0,18
38,64,507517.0,339221.0,19
41,84,52956.0,28064.0,20
39,51,63217.0,20971.0,21
28,214,985558.0,935116.0,22
23,28,91396.0,83699.0,23
21,26,79822.0,46724.0,0
7,8,4592.0,1320.0,1
6,8,7428.0,5401.0,2
6,6,4038.0,1571.0,3
9,12,25392.0,20128.0,4
10,12,8159.0,3878.0,5
12,18,80690.0,67426.0,6
25,50,245388.0,195432.0,7
28,52,231530.0,128473.0,8
50,80,408737.0,232404.0,9
46,77,522184.0,338159.0,10
47,80,131308.0,33642.0,11
65,176,402864.0,172327.0,12
57,77,88161.0,18698.0,13
53,87,626591.0,338159.0,14
46,118,143780.0,33642.0,15
53,92,68021.0,19518.0,16
25,36,50436.0,12483.0,17
51,72,354735.0,314862.0,18
62,98,152220.0,40076.0,19
33,41,368799.0,338159.0,20
49,59,155356.0,87864.0,21
49,70,271644.0,125800.0,22
42,46,117181.0,51694.0,23
21,26,31452.0,9732.0,0
25,34,33684.0,26834.0,1
65,79,222864.0,83699.0,2
6,10,31305.0,29225.0,3
4,5,1361.0,941.0,4
21,26,39813.0,15040.0,5
38,57,313571.0,152641.0,6
96,159,612538.0,354703.0,7
132,194,372349.0,147525.0,8
209,383,1083665.0,581821.0,9
237,348,1481855.0,338162.0,10
197,309,504329.0,136318.0,11
570,842,1695954.0,354703.0,12
672,917,1381013.0,173098.0,13
477,713,918218.0,142670.0,14
647,905,1054633.0,155548.0,15
10442,25565,23579496.0,748968.0,16
2655,3994,7042242.0,665769.0,17
1221,1893,3500863.0,1154293.0,18
5794,10399,14442704.0,807674.0,19
7778,14889,22475330.0,1689822.0,20
1621,3598,6727182.0,1481294.0,21
900,1396,1611875.0,99611.0,22
565,1002,1261401.0,163649.0,23
434,659,1140461.0,231388.0,0
343,450,2262887.0,1362401.0,1
282,472,2657483.0,1362401.0,2
316,657,2353593.0,453139.0,3
244,373,1090524.0,96780.0,4
940,1181,3395103.0,885787.0,5
521,661,1798854.0,264641.0,6
490,1066,8620633.0,2563219.0,7
548,1056,4689123.0,1034111.0,8
416,996,4743997.0,2563219.0,9
430,784,3275218.0,1469998.0,10
248,467,2308790.0,1763430.0,11
436,775,3139793.0,1469998.0,12
398,1273,1932519.0,338162.0,13
329,655,1739565.0,652017.0,14
295,903,2237038.0,338167.0,15
328,648,4814638.0,3051036.0,16
918,1389,1103565.0,338167.0,17
716,998,1238081.0,338167.0,18
7806,8026,4283211.0,3051037.0,19
788,955,1305755.0,339229.0,20
139,292,1171293.0,660451.0,21
142,405,1228574.0,338167.0,22
90,111,390757.0,338167.0,23
84,186,172973.0,83699.0,0
42,66,1885034.0,1763430.0,1
47,220,518590.0,308512.0,2
54,180,129671.0,27131.0,3
51,132,260073.0,60498.0,4
87,548,499773.0,195432.0,5
70,170,298396.0,58843.0,6
101,176,1793946.0,984583.0,7
174,430,1999741.0,1237838.0,8
234,409,567376.0,121270.0,9
241,478,2658972.0,1763430.0,10
155,271,426115.0,77256.0,11
223,408,923355.0,92126.0,12
30,560,227410.0,46035.0,13
30,74,319000.0,62632.0,14
186,681,3328071.0,954128.0,15
230,339,433447.0,122793.0,16
129,318,504784.0,152897.0,17
193,446,405964.0,47098.0,18
168,305,330537.0,65168.0,19
131,180,800352.0,337132.0,20
354,4702,2408153.0,1763430.0,21
257,504,733585.0,264733.0,22
162,304,366260.0,23796.0,23
101,245,253579.0,69842.0,0
69,219,252167.0,83699.0,1
46,66,61702.0,13415.0,2
52,149,95824.0,17843.0,3
71,220,1937375.0,1472764.0,4
147,435,763100.0,233129.0,5
115,185,404993.0,143438.0,6
130,324,1583278.0,984583.0,7
176,271,356941.0,69842.0,8
186,309,2336899.0,621720.0,9
185,311,1472702.0,384808.0,10
282,679,3945824.0,2288619.0,11
227,395,1287360.0,197678.0,12
217,463,981924.0,126822.0,13
218,544,3529309.0,1763437.0,14
174,591,5796513.0,4368218.0,15
273,469,825124.0,233134.0,16
235,424,969781.0,195434.0,17
260,763,2586060.0,748968.0,18
221,394,5488227.0,339231.0,19
214,487,8865692.0,5858708.0,20
147,234,231146.0,47023.0,21
117,269,777656.0,233134.0,22
95,158,254685.0,83699.0,23
69,169,4744605.0,2288619.0,0
41,58,203716.0,42639.0,1
34,143,132540.0,23659.0,2
35,43,48827.0,9075.0,3
42,113,118532.0,16753.0,4
73,116,396888.0,121270.0,5
87,182,743527.0,384015.0,6
182,305,1270746.0,363832.0,7
206,350,2242557.0,1237838.0,8
358,596,1403998.0,233134.0,9
372,753,6819470.0,294188.0,10
229,407,2136391.0,954128.0,11
164,310,4085599.0,2137300.0,12
133,205,1678864.0,534342.0,13
29,120,757931.0,298357.0,14
31,218,541022.0,234213.0,15
27,155,282439.0,60216.0,16
151,371,6660149.0,5766829.0,17
444,602,1119822.0,338167.0,18
224,520,1735671.0,712244.0,19
252,778,1951285.0,1087954.0,20
219,357,3654767.0,3051046.0,21
175,325,1064851.0,712244.0,22
123,196,567070.0,121303.0,23
68,124,72424.0,21844.0,0
72,131,267273.0,121303.0,1
68,118,283833.0,121303.0,2
57,216,980761.0,712244.0,3
89,243,671519.0,158515.0,4
98,142,774181.0,308512.0,5
132,309,569071.0,193190.0,6
262,474,2928502.0,704141.0,7
397,664,1359003.0,153846.0,8
360,547,1580287.0,368812.0,9
246,528,3803784.0,3051061.0,10
348,547,1313541.0,338171.0,11
329,588,1145030.0,298357.0,12
364,606,5960322.0,3793899.0,13
299,1606,3656561.0,935116.0,14
293,695,5058720.0,3051061.0,15
180,433,3695545.0,2288631.0,16
256,442,1923499.0,580487.0,17
225,522,7356905.0,4218440.0,18
161,356,795266.0,142119.0,19
153,345,5564427.0,2542638.0,20
157,221,274490.0,94517.0,21
107,148,134886.0,19518.0,22
73,112,117659.0,31883.0,23
63,120,2727617.0,2288632.0,0
56,69,2694224.0,2288632.0,1
36,90,65962.0,16753.0,2
34,54,69992.0,19001.0,3
44,94,150545.0,42639.0,4
45,66,264022.0,121270.0,5
100,170,308446.0,107726.0,6
131,203,157490.0,26838.0,7
158,352,1850175.0,552760.0,8
207,392,5153592.0,4218440.0,9
181,435,916442.0,195435.0,10
353,591,566690.0,121265.0,11
223,499,816819.0,85836.0,12
564,1225,6720607.0,4218440.0,13
277,720,1457292.0,499994.0,14
294,919,2574371.0,1600979.0,15
211,391,2516403.0,1931396.0,16
165,296,680937.0,136239.0,17
169,286,449442.0,76644.0,18
189,399,6669349.0,5639588.0,19
164,931,571531.0,281782.0,20
145,236,484185.0,107726.0,21
120,221,652477.0,162869.0,22
84,263,827805.0,580487.0,23
63,77,130663.0,37495.0,0
60,207,716132.0,264733.0,1
31,44,152772.0,83699.0,2
35,69,82195.0,16934.0,3
48,62,85001.0,42639.0,4
70,352,606007.0,229576.0,5
81,131,200552.0,83699.0,6
134,282,1586132.0,1029627.0,7
188,281,504118.0,136322.0,8
362,767,1884526.0,308512.0,9
313,1779,1022187.0,152875.0,10
355,1223,4539466.0,2624298.0,11
358,796,1042482.0,184793.0,12
349,854,18227509.0,5638999.0,13
330,752,1278244.0,295434.0,14
333,1123,1584519.0,382399.0,15
283,556,1162749.0,195436.0,16
252,516,1474904.0,368770.0,17
305,502,746144.0,145700.0,18
338,526,2019432.0,365041.0,19
243,453,1276852.0,469722.0,20
282,503,752096.0,157344.0,21
168,514,776668.0,338175.0,22
100,136,393940.0,225680.0,23
89,136,191214.0,83699.0,0
73,548,836681.0,723425.0,1
56,97,122576.0,26019.0,2
54,142,429798.0,110573.0,3
126,532,1701653.0,958611.0,4
141,336,579173.0,121270.0,5
195,584,23399488.0,5769678.0,6
293,541,27762206.0,5769678.0,7
418,764,12367572.0,4293681.0,8
556,1012,3952910.0,491872.0,9
444,1594,5826678.0,1906659.0,10
424,774,4900467.0,1149535.0,11
542,930,5563054.0,1548387.0,12
276,793,3329520.0,581857.0,13
365,840,8476714.0,2288646.0,14
543,2143,10097592.0,2288646.0,15
409,808,20196459.0,5639588.0,16
404,776,6777611.0,2288647.0,17
2827,4269,18803167.0,5769108.0,18
664,1372,9269439.0,5769108.0,19
410,1018,5055828.0,2577606.0,20
467,776,2642419.0,638915.0,21
252,501,537600.0,48639.0,22
154,216,953353.0,195436.0,23
118,138,245674.0,51694.0,0
84,112,3045650.0,2288647.0,1
87,159,527020.0,233133.0,2
94,212,2060504.0,1472764.0,3
125,187,822771.0,103462.0,4
177,233,1327479.0,143029.0,5
303,507,2551546.0,768788.0,6
342,598,1896794.0,368812.0,7
503,1341,6933885.0,1264531.0,8
616,1438,16282692.0,2743355.0,9
889,3527,11221351.0,1906659.0,10
861,1752,7187550.0,581857.0,11
1169,2242,10525185.0,1549176.0,12
827,1521,6777760.0,757762.0,13
725,1348,11755105.0,1906659.0,14
712,1381,10057735.0,1756530.0,15
670,1116,33029114.0,5639588.0,16
491,1123,8448434.0,3051065.0,17
491,1227,12660455.0,2577036.0,18
535,1162,11844083.0,3051065.0,19
424,762,6079161.0,1469602.0,20
569,999,7608456.0,2288649.0,21
348,655,4660461.0,1549176.0,22
240,1311,7307508.0,2528121.0,23
170,236,3614105.0,2033217.0,0
140,918,523839.0,211747.0,1
116,154,494394.0,227558.0,2
125,303,555190.0,110573.0,3
209,428,4576615.0,2288650.0,4
291,525,2936649.0,958611.0,5
214,409,1580417.0,401479.0,6
298,577,3237150.0,597904.0,7
637,1430,12269769.0,1906659.0,8
788,1546,12519514.0,2352895.0,9
943,1951,15391517.0,3051078.0,10
891,2223,20121702.0,5639588.0,11
868,1676,9535441.0,2288653.0,12
816,1796,15904239.0,2688648.0,13
760,1791,14249136.0,4901998.0,14
877,1688,19989498.0,3793899.0,15
789,2133,28311543.0,5639588.0,16
670,1123,9722015.0,2288653.0,17
633,1385,13831021.0,2743355.0,18
515,1132,9648663.0,2288659.0,19
414,1321,7446869.0,1549176.0,20
121,198,1760929.0,395460.0,21
22,137,168981.0,67757.0,22
16,64,790817.0,338175.0,23
19,115,3954195.0,3570696.0,0
252,509,3085322.0,1508841.0,1
287,654,8376004.0,3320146.0,2
381,634,5373962.0,1365929.0,3
417,875,8559417.0,2697239.0,4
485,1282,15819210.0,2697239.0,5
732,1766,21915520.0,2697239.0,6
1018,2092,20512641.0,5849666.0,7
1357,2509,19301813.0,5865840.0,8
1566,4042,41273808.0,4304914.0,9
1836,6669,43538376.0,12006952.0,10
1682,6346,53509562.0,12006952.0,11
1219,2587,38360903.0,5803340.0,12
994,2299,52076087.0,12006952.0,13
1129,2519,47504060.0,6052549.0,14
1165,3246,75483878.0,12006952.0,15
1089,1835,22157313.0,5883066.0,16
1416,7570,47425590.0,8590353.0,17
1248,3074,40533148.0,16919013.0,18
765,6434,41946322.0,15992195.0,19
1064,1997,36471433.0,15992195.0,20
393,974,38621532.0,15924997.0,21
210,870,11064631.0,3203727.0,22
560,1321,13605765.0,5883066.0,23
441,617,1968895.0,216721.0,0
430,613,6226108.0,1813783.0,1
361,601,5239352.0,1817135.0,2
427,830,4032663.0,728491.0,3
759,1790,24973811.0,6052581.0,4
642,1455,25223499.0,3804888.0,5
283,758,20184126.0,5429123.0,6
669,1945,34347133.0,5865823.0,7
2330,4771,66782117.0,10145149.0,8
2862,5252,67785002.0,5883066.0,9
2008,5103,62386396.0,5883066.0,10
2671,5432,46910676.0,5865823.0,11
3758,8549,71828712.0,3755712.0,12
3508,8854,88305757.0,6052581.0,13
2897,5771,62714805.0,8590353.0,14
2652,6010,50562883.0,5865823.0,15
1514,3145,45158911.0,5865823.0,16
797,2308,36739042.0,6844959.0,17
221,1019,24820804.0,5865829.0,18
469,1277,18583382.0,2401241.0,19
262,890,15446476.0,2401241.0,20
262,420,4868086.0,1150369.0,21
269,1434,18670179.0,4814297.0,22
208,400,2572731.0,785912.0,23
153,261,6902411.0,5883066.0,0
144,617,12472179.0,5883066.0,1
158,259,3816478.0,1554323.0,2
164,363,14351430.0,6052617.0,3
164,353,6974344.0,2384195.0,4
248,1010,22223496.0,5883066.0,5
355,1103,18830780.0,5883066.0,6
499,871,16905611.0,2697285.0,7
655,1986,17485498.0,2401241.0,8
766,2228,39848055.0,6052617.0,9
835,1889,23369656.0,6052617.0,10
883,2942,41175673.0,6052617.0,11
735,2368,43588287.0,6052617.0,12
1035,3578,41308915.0,6844959.0,13
883,5333,66555083.0,15992195.0,14
972,2463,42529553.0,10167262.0,15
883,3923,46753485.0,9206887.0,16
2302,5131,46637810.0,10167262.0,17
2600,7208,38041304.0,6052623.0,18
2206,4855,29289471.0,2401258.0,19
1030,16457,76752882.0,25258856.0,20
1921,4746,24609828.0,6061026.0,21
1669,4448,22996759.0,5883161.0,22
1608,5362,25171592.0,6052623.0,23
1137,2526,27352381.0,6052623.0,0
1020,3907,19190658.0,6052623.0,1
1352,4000,17219663.0,6052623.0,2
1422,3422,42803304.0,8901229.0,3
1647,6074,24121611.0,6052623.0,4
2233,5656,45313809.0,6052623.0,5
3958,12823,62664725.0,6052623.0,6
5987,15102,68340172.0,12007049.0,7
8005,21722,89683912.0,6052623.0,8
5659,20419,150566613.0,12007049.0,9
9083,28691,141079843.0,8903393.0,10
10143,26566,115577907.0,21446073.0,11
10904,34051,130377217.0,37553452.0,12
13312,43700,125341844.0,6540177.0,13
14745,49723,155204041.0,11980004.0,14
26593,78763,220283197.0,5904876.0,15
190534,394671,1278257972.0,15996398.0,16
209812,465897,1609408403.0,39451152.0,17
272322,640938,2109625422.0,40848697.0,18
131823,312824,1210537281.0,40902322.0,19
132387,324757,1002401891.0,15946808.0,20
4749,13681,53715155.0,4220991.0,21
1890,7939,50308685.0,15997691.0,22
2755,9778,20301484.0,2756830.0,23
1642,4019,14573082.0,3981868.0,0
1173,2270,14682707.0,3102970.0,1
969,1415,6146665.0,1410064.0,2
932,1726,9098304.0,1437232.0,3
1171,4257,14007514.0,1608284.0,4
1461,3721,16123142.0,3102970.0,5
1626,3459,33283469.0,8998551.0,6
1856,3766,21244804.0,1911503.0,7
1640,3764,22482124.0,5050213.0,8
1524,2902,15269708.0,5866043.0,9
1962,3568,20314082.0,1696446.0,10
1724,3058,16624301.0,5866043.0,11
5002,13322,126890768.0,6014289.0,12
4684,9976,94548712.0,6014289.0,13
4066,10621,70666907.0,6014289.0,14
3847,16196,60954046.0,3329932.0,15
3545,11670,78265689.0,5040243.0,16
3117,12134,57696921.0,5870469.0,17
2566,8383,60856049.0,9533755.0,18
2370,8297,46609157.0,4814297.0,19
2202,4402,46115343.0,3304396.0,20
1739,3589,34140873.0,4814297.0,21
1279,2174,22524446.0,4989472.0,22
948,3364,18788756.0,3046491.0,23
818,1455,13566349.0,2947443.0,0
882,3304,24457302.0,9533755.0,1
804,1870,17267052.0,9533755.0,2
755,3040,15431465.0,3329937.0,3
797,20177,21815459.0,3329938.0,4
802,1971,6584174.0,1088464.0,5
955,2897,10658320.0,1741354.0,6
1163,2859,32806311.0,6014289.0,7
1291,2592,17704678.0,2887949.0,8
1327,2538,15313405.0,1784259.0,9
1789,3401,10382845.0,1041135.0,10
1323,2461,17417656.0,6014343.0,11
1319,2575,30807840.0,9533755.0,12
1323,2839,28905716.0,3046510.0,13
1051,1753,18403231.0,6014343.0,14
867,1535,13912968.0,3046510.0,15
718,2956,21586137.0,4507175.0,16
678,1062,10360379.0,3769483.0,17
703,1298,16195063.0,11951201.0,18
450,1288,16128747.0,3329950.0,19
199,664,8534233.0,2366075.0,20
602,1206,13112602.0,5806797.0,21
599,925,3807862.0,779037.0,22
554,729,2587969.0,403827.0,23
270,389,3522278.0,2324908.0,0
315,398,4021137.0,3329958.0,1
243,527,1618990.0,709982.0,2
601,768,3134875.0,873946.0,3
325,490,2119138.0,546333.0,4
425,1410,2802261.0,906933.0,5
426,609,3297472.0,801838.0,6
548,1154,15606180.0,3329968.0,7
620,1230,13619808.0,5870465.0,8
635,1124,7561441.0,2362311.0,9
671,1164,4903105.0,927020.0,10
588,1518,19834214.0,6014343.0,11
629,1001,9346257.0,4393337.0,12
427,717,7464144.0,3046510.0,13
507,698,3766352.0,765898.0,14
407,902,13340836.0,3273864.0,15
398,1403,18719638.0,6014343.0,16
415,970,14908506.0,6014343.0,17
298,571,7393912.0,2362311.0,18
326,476,878217.0,105076.0,19
292,542,3175257.0,1206771.0,20
265,452,646679.0,155380.0,21
261,658,10463246.0,6014343.0,22
213,309,764819.0,184410.0,23
195,284,4093910.0,2362311.0,0
185,306,386050.0,26234.0,1
149,189,563488.0,143124.0,2
135,323,5864262.0,2947443.0,3
164,279,10198132.0,2947443.0,4
188,685,1447760.0,496740.0,5
204,264,1843729.0,734618.0,6
261,337,716991.0,60157.0,7
280,759,8577400.0,4870708.0,8
344,542,2411217.0,1281139.0,9
329,566,7663324.0,6014343.0,10
358,554,3307536.0,1458675.0,11
352,636,3540412.0,1458675.0,12
472,700,4397391.0,1458284.0,13
370,716,3236005.0,1175198.0,14
277,636,5631617.0,3046519.0,15
263,483,1584187.0,579336.0,16
274,506,3779263.0,3046519.0,17
237,432,3342203.0,2324908.0,18
203,279,1061791.0,551142.0,19
145,332,1547137.0,463675.0,20
200,330,1124139.0,707190.0,21
195,255,2043244.0,1458675.0,22
128,162,760208.0,216383.0,23
88,196,3441248.0,3046519.0,0
131,229,484078.0,86529.0,1
140,176,303856.0,49323.0,2
150,224,344081.0,44860.0,3
148,316,6343873.0,6014343.0,4
154,230,400783.0,60641.0,5
86,137,4215590.0,2947443.0,6
268,397,1867252.0,855174.0,7
342,425,1207573.0,163238.0,8
360,1391,12274953.0,5332193.0,9
334,612,4942271.0,2324908.0,10
330,632,5153331.0,2324908.0,11
332,716,11868181.0,5870465.0,12
442,653,1894513.0,169471.0,13
330,474,3809953.0,1511420.0,14
296,831,4871460.0,2574315.0,15
233,622,8408175.0,6014343.0,16
248,377,4172562.0,3046516.0,17
581,700,3047917.0,2362311.0,18
228,338,1233591.0,734618.0,19
219,349,797312.0,111594.0,20
224,450,7996629.0,4507146.0,21
211,247,447269.0,109528.0,22
122,142,267194.0,60641.0,23
135,175,1488263.0,599655.0,0
