1
0
0
0
0
1
0
0
0
0
0
0
0
0
0
0
0
0
0
0
0
0
0
0
0
0
0
0
0
0
0
0
0
0
0
0
0
0
0
0
0
0
0
0
0
0
0
0
0
0
0
0
0
0
0
0
0
0
0
0
0
0
0
0
0
0
0
0
0
0
0
0
0
0
0
0
0
0
0
0
0
0
0
0
0
0
0
0
0
0
0
0
0
0
0
0
0
0
0
0
0
0
0
0
0
0
0
0
0
0
0
0
0
0
0
0
0
0
0
0
0
0
0
0
0
0
0
0
0
0
0
0
1
0
0
1
0
0
0
0
0
0
0
0
0
0
0
0
0
0
0
0
0
0
0
0
0
0
0
0
0
0
0
0
0
0
0
0
0
0
0
0
0
0
0
0
0
0
0
0
0
0
0
0
0
0
0
0
0
0
0
0
0
0
0
0
0
0
0
0
0
0
0
0
0
0
0
0
0
0
0
0
0
0
0
0
0
0
0
0
0
1
0
0
0
0
0
0
0
0
0
0
0
0
0
0
0
0
0
0
0
0
0
0
0
0
0
0
0
0
0
0
0
0
0
0
0
0
0
0
0
0
0
0
0
0
0
0
0
0
0
0
0
0
0
0
0
0
0
0
0
0
0
0
0
0
0
0
0
0
0
0
0
1
0
0
0
0
0
0
0
0
0
0
0
0
0
0
0
0
0
0
0
0
1
0
0
0
0
1
0
0
1
1
0
0
0
0
0
0
0
0
0
1
1
1
0
0
0
1
0
1
1
0
0
0
0
0
0
0
0
0
0
0
0
0
0
0
0
0
2
2
0
1
0
1
0
1
2
2
0
0
2
0
0
0
2
8
7
10
12
13
10
19
29
59
56
69
56
54
63
56
34
25
24
19
35
32
20
16
14
11
16
8
13
24
16
30
44
59
69
38
45
64
57
64
56
31
34
27
22
22
24
35
9
14
2
1
5
13
23
27
78
87
91
82
86
114
112
71
64
48
60
38
41
39
28
23
21
7
6
6
9
10
12
25
28
50
46
47
65
57
53
46
53
25
51
62
33
49
49
42
21
25
65
6
4
21
38
96
132
209
237
197
570
672
477
647
10442
2655
1221
5794
7778
1621
900
565
434
343
282
316
244
940
521
490
548
416
430
248
436
398
329
295
328
918
716
7806
788
139
142
90
84
42
47
54
51
87
70
101
174
234
241
155
223
30
30
186
230
129
193
168
131
354
257
162
101
69
46
52
71
147
115
130
176
186
185
282
227
217
218
174
273
235
260
221
214
147
117
95
69
41
34
35
42
73
87
182
206
358
372
229
164
133
29
31
27
151
444
224
252
219
175
123
68
72
68
57
89
98
132
262
397
360
246
348
329
364
299
293
180
256
225
161
153
157
107
73
63
56
36
34
44
45
100
131
158
207
181
353
223
564
277
294
211
165
169
189
164
145
120
84
63
60
31
35
48
70
81
134
188
362
313
355
358
349
330
333
283
252
305
338
243
282
168
100
89
73
56
54
126
141
195
293
418
556
444
424
542
276
365
543
409
404
2827
664
410
467
252
154
118
84
87
94
125
177
303
342
503
616
889
861
1169
827
725
712
670
491
491
535
424
569
348
240
170
140
116
125
209
291
214
298
637
788
943
891
868
816
760
877
789
670
633
515
414
121
22
16
19
252
287
381
417
485
732
1018
1357
1566
1836
1682
1219
994
1129
1165
1089
1416
1248
765
1064
393
210
560
441
430
361
427
759
642
283
669
2330
2862
2008
2671
3758
3508
2897
2652
1514
797
221
469
262
262
269
208
153
144
158
164
164
248
355
499
655
766
835
883
735
1035
883
972
883
2302
2600
2206
1030
1921
1669
1608
1137
1020
1352
1422
1647
2233
3958
5987
8005
5659
9083
10143
10904
13312
14745
26593
190534
209812
272322
131823
132387
4749
1890
2755
1642
1173
969
932
1171
1461
1626
1856
1640
1524
1962
1724
5002
4684
4066
3847
3545
3117
2566
2370
2202
1739
1279
948
818
882
804
755
797
802
955
1163
1291
1327
1789
1323
1319
1323
1051
867
718
678
703
450
199
602
599
554
270
315
243
601
325
425
426
548
620
635
671
588
629
427
507
407
398
415
298
326
292
265
261
213
195
185
149
135
164
188
204
261
280
344
329
358
352
472
370
277
263
274
237
203
145
200
195
128
88
131
140
150
148
154
86
268
342
360
334
330
332
442
330
296
233
248
581
228
219
224
211
122
135
4
2
1
1
1
1
2
3
2
4
1
