1
0
0
0
0
0
0
0
0
0
0
0
0
0
0
0
0
0
0
0
0
1
0
0
0
0
0
0
0
0
0
0
0
0
0
0
0
0
0
0
0
0
0
0
0
0
0
0
1
0
0
0
0
0
0
0
0
0
0
0
0
0
0
0
0
0
0
0
0
0
0
0
0
0
0
0
0
0
0
0
0
0
0
0
0
0
0
0
0
0
0
0
0
0
0
0
0
0
0
0
0
0
0
0
0
0
0
0
0
0
0
1
0
0
0
0
0
0
0
0
0
0
0
0
0
0
0
0
0
0
0
0
0
0
0
0
0
1
0
0
0
0
0
0
0
0
0
0
0
0
0
0
0
0
0
0
0
0
0
0
3
0
0
0
0
0
0
0
0
0
1
0
0
0
0
0
0
0
0
0
0
0
0
0
0
0
0
0
0
0
0
0
0
0
0
0
0
0
0
0
0
0
0
0
0
0
0
0
0
0
0
0
0
1
0
0
0
0
0
1
0
0
0
0
0
0
0
1
0
0
1
0
0
0
0
0
0
0
0
0
0
0
0
0
0
1
0
0
0
0
0
0
0
1
0
0
1
1
0
0
2
2
0
2
1
0
0
0
0
0
0
1
0
0
0
0
0
0
0
0
1
1
0
0
1
0
0
0
0
1
0
0
0
0
0
0
0
0
0
0
2
1
0
0
3
1
0
1
0
0
0
0
0
0
0
0
0
0
0
0
0
0
0
0
1
0
1
1
0
2
0
1
1
0
2
1
0
1
0
21
59
61
54
56
70
90
76
183
165
175
201
288
220
221
273
266
89
110
87
136
133
100
80
39
64
244
109
114
260
78
165
230
250
191
158
216
303
230
224
376
130
187
171
123
90
62
59
37
50
12
21
26
144
18
125
170
196
222
183
322
204
246
212
167
128
223
207
84
134
71
118
60
56
47
52
76
154
51
87
133
161
150
134
189
270
217
181
169
163
216
180
154
146
121
153
104
103
133
9
9
181
248
414
404
658
576
613
1918
1878
1574
2311
5030
1427
1781
2082
669
437
331
291
236
156
148
156
195
222
195
471
414
382
344
331
266
377
269
218
253
117
335
200
169
135
134
112
103
98
107
87
85
108
72
131
185
201
200
156
102
6
46
207
203
175
183
169
275
791
374
196
160
78
105
91
258
203
151
190
228
192
182
169
189
165
196
165
272
243
310
194
260
307
308
106
163
71
59
104
109
70
85
208
249
335
353
221
146
68
16
14
12
487
568
254
259
211
206
136
99
116
86
91
120
134
241
218
591
644
227
537
432
611
359
256
186
239
197
235
167
145
141
116
140
100
99
106
127
60
142
395
157
209
205
251
423
562
359
238
190
202
177
197
142
146
166
112
106
76
80
91
80
84
113
175
266
262
197
273
299
276
269
241
251
303
295
291
230
261
208
140
167
135
171
119
138
108
158
223
260
264
263
253
333
66
465
402
239
404
526
415
281
249
199
130
156
117
133
118
148
136
186
282
304
262
361
316
439
362
334
327
259
232
256
236
209
196
205
174
153
95
74
94
111
143
23
162
207
257
344
299
258
271
244
405
271
369
292
227
160
6
4
2
57
539
348
311
342
367
507
763
880
950
964
1060
658
590
598
604
613
1005
617
510
955
59
346
554
458
451
358
308
486
155
75
443
914
949
614
1955
1807
1339
1017
733
678
74
140
262
137
171
141
126
103
50
103
82
83
114
119
179
198
185
254
223
230
277
285
253
392
1208
2022
1890
613
979
989
676
518
520
446
587
514
704
929
1350
1647
450
1706
846
1027
1177
1305
4778
8886
8569
7163
11420
4284
508
403
392
234
187
223
179
210
196
254
303
214
264
372
569
1320
1500
1210
1513
1233
1074
941
961
801
699
726
546
450
388
414
402
419
535
662
766
865
998
1086
1019
1046
984
936
661
1020
701
663
427
254
480
489
291
321
266
228
262
264
394
432
534
776
760
1009
693
776
555
777
611
796
479
606
496
501
506
444
402
302
247
246
215
247
412
378
566
529
661
591
638
759
703
672
598
609
610
556
581
257
484
457
174
266
286
243
309
304
411
204
702
753
756
803
1024
1209
962
743
881
709
619
659
628
637
704
468
335
182
0
0
1
1
1
1
2
1
2
1
4
